1582
200000 200000 200001 200024 2 0 1
200001 200000 200023 200045 2 0 1
200002 200000 200024 200023 2 0 1
200003 200000 200045 200770 2 0 1
200004 200000 200770 200792 2 0 1
200005 200000 200791 200001 2 0 1
200006 200000 200792 200791 2 0 1
200007 200001 200002 200024 2 0 1
200008 200001 200791 200002 2 0 1
200009 200002 200003 200025 2 0 1
200010 200002 200025 200024 2 0 1
200011 200002 200790 200003 2 0 1
200012 200002 200791 200790 2 0 1
200013 200003 200004 200027 2 0 1
200014 200003 200026 200025 2 0 1
200015 200003 200027 200026 2 0 1
200016 200003 200788 200004 2 0 1
200017 200003 200789 200788 2 0 1
200018 200003 200790 200789 2 0 1
200019 200004 200005 200027 2 0 1
200020 200004 200788 200005 2 0 1
200021 200005 200006 200029 2 0 1
200022 200005 200028 200027 2 0 1
200023 200005 200029 200028 2 0 1
200024 200005 200786 200006 2 0 1
200025 200005 200787 200786 2 0 1
200026 200005 200788 200787 2 0 1
200027 200006 200007 200030 2 0 1
200028 200006 200030 200029 2 0 1
200029 200006 200785 200007 2 0 1
200030 200006 200786 200785 2 0 1
200031 200007 200008 200030 2 0 1
200032 200007 200785 200008 2 0 1
200033 200008 200009 200031 2 0 1
200034 200008 200031 200030 2 0 1
200035 200008 200784 200009 2 0 1
200036 200008 200785 200784 2 0 1
200037 200009 200010 200033 2 0 1
200038 200009 200032 200031 2 0 1
200039 200009 200033 200032 2 0 1
200040 200009 200782 200010 2 0 1
200041 200009 200783 200782 2 0 1
200042 200009 200784 200783 2 0 1
200043 200010 200011 200033 2 0 1
200044 200010 200782 200011 2 0 1
200045 200011 200012 200781 2 0 1
200046 200011 200034 200012 2 0 1
200047 200011 200055 200033 2 0 1
200048 200011 200056 200034 2 0 1
200049 200011 200077 200055 2 0 1
200050 200011 200078 200056 2 0 1
200051 200011 200099 200077 2 0 1
200052 200011 200100 200078 2 0 1
200053 200011 200121 200099 2 0 1
200054 200011 200122 200100 2 0 1
200055 200011 200143 200121 2 0 1
200056 200011 200144 200122 2 0 1
200057 200011 200165 200143 2 0 1
200058 200011 200166 200144 2 0 1
200059 200011 200187 200165 2 0 1
200060 200011 200188 200166 2 0 1
200061 200011 200209 200187 2 0 1
200062 200011 200210 200188 2 0 1
200063 200011 200231 200209 2 0 1
200064 200011 200232 200210 2 0 1
200065 200011 200253 200231 2 0 1
200066 200011 200254 200232 2 0 1
200067 200011 200275 200253 2 0 1
200068 200011 200276 200254 2 0 1
200069 200011 200297 200275 2 0 1
200070 200011 200298 200276 2 0 1
200071 200011 200319 200297 2 0 1
200072 200011 200320 200298 2 0 1
200073 200011 200341 200319 2 0 1
200074 200011 200342 200320 2 0 1
200075 200011 200363 200341 2 0 1
200076 200011 200364 200342 2 0 1
200077 200011 200385 200363 2 0 1
200078 200011 200386 200364 2 0 1
200079 200011 200407 200385 2 0 1
200080 200011 200408 200386 2 0 1
200081 200011 200429 200407 2 0 1
200082 200011 200430 200408 2 0 1
200083 200011 200451 200429 2 0 1
200084 200011 200452 200430 2 0 1
200085 200011 200473 200451 2 0 1
200086 200011 200474 200452 2 0 1
200087 200011 200495 200473 2 0 1
200088 200011 200496 200474 2 0 1
200089 200011 200517 200495 2 0 1
200090 200011 200518 200496 2 0 1
200091 200011 200539 200517 2 0 1
200092 200011 200540 200518 2 0 1
200093 200011 200561 200539 2 0 1
200094 200011 200562 200540 2 0 1
200095 200011 200583 200561 2 0 1
200096 200011 200584 200562 2 0 1
200097 200011 200605 200583 2 0 1
200098 200011 200606 200584 2 0 1
200099 200011 200627 200605 2 0 1
200100 200011 200628 200606 2 0 1
200101 200011 200649 200627 2 0 1
200102 200011 200650 200628 2 0 1
200103 200011 200671 200649 2 0 1
200104 200011 200672 200650 2 0 1
200105 200011 200693 200671 2 0 1
200106 200011 200694 200672 2 0 1
200107 200011 200715 200693 2 0 1
200108 200011 200716 200694 2 0 1
200109 200011 200737 200715 2 0 1
200110 200011 200738 200716 2 0 1
200111 200011 200759 200737 2 0 1
200112 200011 200760 200738 2 0 1
200113 200011 200781 200759 2 0 1
200114 200011 200782 200760 2 0 1
200115 200012 200013 200781 2 0 1
200116 200012 200034 200013 2 0 1
200117 200013 200014 200779 2 0 1
200118 200013 200034 200035 2 0 1
200119 200013 200035 200036 2 0 1
200120 200013 200036 200014 2 0 1
200121 200013 200779 200780 2 0 1
200122 200013 200780 200781 2 0 1
200123 200014 200015 200778 2 0 1
200124 200014 200036 200037 2 0 1
200125 200014 200037 200015 2 0 1
200126 200014 200778 200779 2 0 1
200127 200015 200016 200778 2 0 1
200128 200015 200037 200016 2 0 1
200129 200016 200017 200777 2 0 1
200130 200016 200037 200038 2 0 1
200131 200016 200038 200017 2 0 1
200132 200016 200777 200778 2 0 1
200133 200017 200018 200775 2 0 1
200134 200017 200038 200039 2 0 1
200135 200017 200039 200040 2 0 1
200136 200017 200040 200018 2 0 1
200137 200017 200775 200776 2 0 1
200138 200017 200776 200777 2 0 1
200139 200018 200019 200775 2 0 1
200140 200018 200040 200019 2 0 1
200141 200019 200020 200773 2 0 1
200142 200019 200040 200041 2 0 1
200143 200019 200041 200042 2 0 1
200144 200019 200042 200020 2 0 1
200145 200019 200773 200774 2 0 1
200146 200019 200774 200775 2 0 1
200147 200020 200021 200772 2 0 1
200148 200020 200042 200043 2 0 1
200149 200020 200043 200021 2 0 1
200150 200020 200772 200773 2 0 1
200151 200021 200022 200772 2 0 1
200152 200021 200043 200022 2 0 1
200153 200022 200043 200044 2 0 1
200154 200022 200044 200066 2 0 1
200155 200022 200066 200749 2 0 1
200156 200022 200749 200771 2 0 1
200157 200022 200771 200772 2 0 1
200158 200023 200024 200046 2 0 1
200159 200023 200046 200045 2 0 1
200160 200024 200025 200047 2 0 1
200161 200024 200047 200046 2 0 1
200162 200025 200026 200048 2 0 1
200163 200025 200048 200047 2 0 1
200164 200026 200027 200048 2 0 1
200165 200027 200028 200050 2 0 1
200166 200027 200049 200048 2 0 1
200167 200027 200050 200049 2 0 1
200168 200028 200029 200050 2 0 1
200169 200029 200030 200051 2 0 1
200170 200029 200051 200050 2 0 1
200171 200030 200031 200052 2 0 1
200172 200030 200052 200051 2 0 1
200173 200031 200032 200054 2 0 1
200174 200031 200053 200052 2 0 1
200175 200031 200054 200053 2 0 1
200176 200032 200033 200055 2 0 1
200177 200032 200055 200054 2 0 1
200178 200034 200056 200035 2 0 1
200179 200035 200056 200057 2 0 1
200180 200035 200057 200036 2 0 1
200181 200036 200057 200058 2 0 1
200182 200036 200058 200059 2 0 1
200183 200036 200059 200037 2 0 1
200184 200037 200059 200060 2 0 1
200185 200037 200060 200038 2 0 1
200186 200038 200060 200061 2 0 1
200187 200038 200061 200039 2 0 1
200188 200039 200061 200040 2 0 1
200189 200040 200061 200062 2 0 1
200190 200040 200062 200063 2 0 1
200191 200040 200063 200041 2 0 1
200192 200041 200063 200042 2 0 1
200193 200042 200063 200064 2 0 1
200194 200042 200064 200043 2 0 1
200195 200043 200064 200065 2 0 1
200196 200043 200065 200044 2 0 1
200197 200044 200065 200066 2 0 1
200198 200045 200046 200067 2 0 1
200199 200045 200067 200089 2 0 1
200200 200045 200089 200133 2 0 1
200201 200045 200133 200177 2 0 1
200202 200045 200177 200287 2 0 1
200203 200045 200287 200638 2 0 1
200204 200045 200638 200770 2 0 1
200205 200046 200047 200069 2 0 1
200206 200046 200068 200067 2 0 1
200207 200046 200069 200068 2 0 1
200208 200047 200048 200069 2 0 1
200209 200048 200049 200071 2 0 1
200210 200048 200070 200069 2 0 1
200211 200048 200071 200070 2 0 1
200212 200049 200050 200071 2 0 1
200213 200050 200051 200073 2 0 1
200214 200050 200072 200071 2 0 1
200215 200050 200073 200072 2 0 1
200216 200051 200052 200073 2 0 1
200217 200052 200053 200075 2 0 1
200218 200052 200074 200073 2 0 1
200219 200052 200075 200074 2 0 1
200220 200053 200054 200075 2 0 1
200221 200054 200055 200076 2 0 1
200222 200054 200076 200075 2 0 1
200223 200055 200077 200076 2 0 1
200224 200056 200078 200079 2 0 1
200225 200056 200079 200057 2 0 1
200226 200057 200079 200058 2 0 1
200227 200058 200079 200080 2 0 1
200228 200058 200080 200059 2 0 1
200229 200059 200080 200081 2 0 1
200230 200059 200081 200082 2 0 1
200231 200059 200082 200060 2 0 1
200232 200060 200082 200061 2 0 1
200233 200061 200082 200083 2 0 1
200234 200061 200083 200084 2 0 1
200235 200061 200084 200062 2 0 1
200236 200062 200084 200063 2 0 1
200237 200063 200084 200085 2 0 1
200238 200063 200085 200086 2 0 1
200239 200063 200086 200064 2 0 1
200240 200064 200086 200065 2 0 1
200241 200065 200086 200087 2 0 1
200242 200065 200087 200088 2 0 1
200243 200065 200088 200066 2 0 1
200244 200066 200088 200110 2 0 1
200245 200066 200110 200154 2 0 1
200246 200066 200154 200198 2 0 1
200247 200066 200198 200264 2 0 1
200248 200066 200264 200286 2 0 1
200249 200066 200286 200638 2 0 1
200250 200066 200287 200441 2 0 1
200251 200066 200441 200573 2 0 1
200252 200066 200573 200749 2 0 1
200253 200066 200638 200287 2 0 1
200254 200067 200068 200090 2 0 1
200255 200067 200090 200089 2 0 1
200256 200068 200069 200090 2 0 1
200257 200069 200070 200091 2 0 1
200258 200069 200091 200090 2 0 1
200259 200070 200071 200093 2 0 1
200260 200070 200092 200091 2 0 1
200261 200070 200093 200092 2 0 1
200262 200071 200072 200093 2 0 1
200263 200072 200073 200095 2 0 1
200264 200072 200094 200093 2 0 1
200265 200072 200095 200094 2 0 1
200266 200073 200074 200096 2 0 1
200267 200073 200096 200095 2 0 1
200268 200074 200075 200096 2 0 1
200269 200075 200076 200098 2 0 1
200270 200075 200097 200096 2 0 1
200271 200075 200098 200097 2 0 1
200272 200076 200077 200098 2 0 1
200273 200077 200099 200098 2 0 1
200274 200078 200100 200079 2 0 1
200275 200079 200100 200101 2 0 1
200276 200079 200101 200102 2 0 1
200277 200079 200102 200080 2 0 1
200278 200080 200102 200081 2 0 1
200279 200081 200102 200103 2 0 1
200280 200081 200103 200082 2 0 1
200281 200082 200103 200104 2 0 1
200282 200082 200104 200105 2 0 1
200283 200082 200105 200083 2 0 1
200284 200083 200105 200084 2 0 1
200285 200084 200105 200106 2 0 1
200286 200084 200106 200107 2 0 1
200287 200084 200107 200085 2 0 1
200288 200085 200107 200086 2 0 1
200289 200086 200107 200108 2 0 1
200290 200086 200108 200109 2 0 1
200291 200086 200109 200087 2 0 1
200292 200087 200109 200110 2 0 1
200293 200087 200110 200088 2 0 1
200294 200089 200090 200112 2 0 1
200295 200089 200111 200133 2 0 1
200296 200089 200112 200111 2 0 1
200297 200090 200091 200112 2 0 1
200298 200091 200092 200114 2 0 1
200299 200091 200113 200112 2 0 1
200300 200091 200114 200113 2 0 1
200301 200092 200093 200115 2 0 1
200302 200092 200115 200114 2 0 1
200303 200093 200094 200115 2 0 1
200304 200094 200095 200116 2 0 1
200305 200094 200116 200115 2 0 1
200306 200095 200096 200118 2 0 1
200307 200095 200117 200116 2 0 1
200308 200095 200118 200117 2 0 1
200309 200096 200097 200118 2 0 1
200310 200097 200098 200119 2 0 1
200311 200097 200119 200118 2 0 1
200312 200098 200099 200120 2 0 1
200313 200098 200120 200119 2 0 1
200314 200099 200121 200120 2 0 1
200315 200100 200122 200101 2 0 1
200316 200101 200122 200123 2 0 1
200317 200101 200123 200124 2 0 1
200318 200101 200124 200102 2 0 1
200319 200102 200124 200125 2 0 1
200320 200102 200125 200103 2 0 1
200321 200103 200125 200126 2 0 1
200322 200103 200126 200104 2 0 1
200323 200104 200126 200105 2 0 1
200324 200105 200126 200127 2 0 1
200325 200105 200127 200106 2 0 1
200326 200106 200127 200128 2 0 1
200327 200106 200128 200129 2 0 1
200328 200106 200129 200107 2 0 1
200329 200107 200129 200130 2 0 1
200330 200107 200130 200108 2 0 1
200331 200108 200130 200109 2 0 1
200332 200109 200130 200131 2 0 1
200333 200109 200131 200110 2 0 1
200334 200110 200131 200132 2 0 1
200335 200110 200132 200154 2 0 1
200336 200111 200112 200134 2 0 1
200337 200111 200134 200133 2 0 1
200338 200112 200113 200135 2 0 1
200339 200112 200135 200134 2 0 1
200340 200113 200114 200136 2 0 1
200341 200113 200136 200135 2 0 1
200342 200114 200115 200136 2 0 1
200343 200115 200116 200138 2 0 1
200344 200115 200137 200136 2 0 1
200345 200115 200138 200137 2 0 1
200346 200116 200117 200138 2 0 1
200347 200117 200118 200139 2 0 1
200348 200117 200139 200138 2 0 1
200349 200118 200119 200140 2 0 1
200350 200118 200140 200139 2 0 1
200351 200119 200120 200142 2 0 1
200352 200119 200141 200140 2 0 1
200353 200119 200142 200141 2 0 1
200354 200120 200121 200143 2 0 1
200355 200120 200143 200142 2 0 1
200356 200122 200144 200145 2 0 1
200357 200122 200145 200123 2 0 1
200358 200123 200145 200124 2 0 1
200359 200124 200145 200146 2 0 1
200360 200124 200146 200125 2 0 1
200361 200125 200146 200147 2 0 1
200362 200125 200147 200148 2 0 1
200363 200125 200148 200126 2 0 1
200364 200126 200148 200149 2 0 1
200365 200126 200149 200127 2 0 1
200366 200127 200149 200150 2 0 1
200367 200127 200150 200128 2 0 1
200368 200128 200150 200129 2 0 1
200369 200129 200150 200151 2 0 1
200370 200129 200151 200130 2 0 1
200371 200130 200151 200152 2 0 1
200372 200130 200152 200131 2 0 1
200373 200131 200152 200153 2 0 1
200374 200131 200153 200154 2 0 1
200375 200131 200154 200132 2 0 1
200376 200133 200134 200155 2 0 1
200377 200133 200155 200177 2 0 1
200378 200134 200135 200157 2 0 1
200379 200134 200156 200155 2 0 1
200380 200134 200157 200156 2 0 1
200381 200135 200136 200157 2 0 1
200382 200136 200137 200159 2 0 1
200383 200136 200158 200157 2 0 1
200384 200136 200159 200158 2 0 1
200385 200137 200138 200159 2 0 1
200386 200138 200139 200161 2 0 1
200387 200138 200160 200159 2 0 1
200388 200138 200161 200160 2 0 1
200389 200139 200140 200161 2 0 1
200390 200140 200141 200163 2 0 1
200391 200140 200162 200161 2 0 1
200392 200140 200163 200162 2 0 1
200393 200141 200142 200163 2 0 1
200394 200142 200143 200165 2 0 1
200395 200142 200164 200163 2 0 1
200396 200142 200165 200164 2 0 1
200397 200144 200166 200167 2 0 1
200398 200144 200167 200145 2 0 1
200399 200145 200167 200146 2 0 1
200400 200146 200167 200168 2 0 1
200401 200146 200168 200169 2 0 1
200402 200146 200169 200147 2 0 1
200403 200147 200169 200148 2 0 1
200404 200148 200169 200170 2 0 1
200405 200148 200170 200149 2 0 1
200406 200149 200170 200171 2 0 1
200407 200149 200171 200172 2 0 1
200408 200149 200172 200150 2 0 1
200409 200150 200172 200151 2 0 1
200410 200151 200172 200173 2 0 1
200411 200151 200173 200174 2 0 1
200412 200151 200174 200152 2 0 1
200413 200152 200174 200175 2 0 1
200414 200152 200175 200153 2 0 1
200415 200153 200175 200154 2 0 1
200416 200154 200175 200176 2 0 1
200417 200154 200176 200198 2 0 1
200418 200155 200156 200178 2 0 1
200419 200155 200178 200177 2 0 1
200420 200156 200157 200178 2 0 1
200421 200157 200158 200180 2 0 1
200422 200157 200179 200178 2 0 1
200423 200157 200180 200179 2 0 1
200424 200158 200159 200180 2 0 1
200425 200159 200160 200182 2 0 1
200426 200159 200181 200180 2 0 1
200427 200159 200182 200181 2 0 1
200428 200160 200161 200182 2 0 1
200429 200161 200162 200184 2 0 1
200430 200161 200183 200182 2 0 1
200431 200161 200184 200183 2 0 1
200432 200162 200163 200184 2 0 1
200433 200163 200164 200186 2 0 1
200434 200163 200185 200184 2 0 1
200435 200163 200186 200185 2 0 1
200436 200164 200165 200186 2 0 1
200437 200165 200187 200186 2 0 1
200438 200166 200188 200167 2 0 1
200439 200167 200188 200189 2 0 1
200440 200167 200189 200168 2 0 1
200441 200168 200189 200190 2 0 1
200442 200168 200190 200169 2 0 1
200443 200169 200190 200191 2 0 1
200444 200169 200191 200192 2 0 1
200445 200169 200192 200170 2 0 1
200446 200170 200192 200171 2 0 1
200447 200171 200192 200193 2 0 1
200448 200171 200193 200194 2 0 1
200449 200171 200194 200172 2 0 1
200450 200172 200194 200173 2 0 1
200451 200173 200194 200195 2 0 1
200452 200173 200195 200196 2 0 1
200453 200173 200196 200174 2 0 1
200454 200174 200196 200175 2 0 1
200455 200175 200196 200197 2 0 1
200456 200175 200197 200198 2 0 1
200457 200175 200198 200176 2 0 1
200458 200177 200178 200199 2 0 1
200459 200177 200199 200287 2 0 1
200460 200178 200179 200201 2 0 1
200461 200178 200200 200199 2 0 1
200462 200178 200201 200200 2 0 1
200463 200179 200180 200201 2 0 1
200464 200180 200181 200203 2 0 1
200465 200180 200202 200201 2 0 1
200466 200180 200203 200202 2 0 1
200467 200181 200182 200203 2 0 1
200468 200182 200183 200205 2 0 1
200469 200182 200204 200203 2 0 1
200470 200182 200205 200204 2 0 1
200471 200183 200184 200205 2 0 1
200472 200184 200185 200207 2 0 1
200473 200184 200206 200205 2 0 1
200474 200184 200207 200206 2 0 1
200475 200185 200186 200208 2 0 1
200476 200185 200208 200207 2 0 1
200477 200186 200187 200208 2 0 1
200478 200187 200209 200208 2 0 1
200479 200188 200210 200189 2 0 1
200480 200189 200210 200211 2 0 1
200481 200189 200211 200212 2 0 1
200482 200189 200212 200190 2 0 1
200483 200190 200212 200213 2 0 1
200484 200190 200213 200191 2 0 1
200485 200191 200213 200192 2 0 1
200486 200192 200213 200214 2 0 1
200487 200192 200214 200215 2 0 1
200488 200192 200215 200193 2 0 1
200489 200193 200215 200194 2 0 1
200490 200194 200215 200216 2 0 1
200491 200194 200216 200217 2 0 1
200492 200194 200217 200195 2 0 1
200493 200195 200217 200196 2 0 1
200494 200196 200217 200218 2 0 1
200495 200196 200218 200219 2 0 1
200496 200196 200219 200197 2 0 1
200497 200197 200219 200198 2 0 1
200498 200198 200219 200220 2 0 1
200499 200198 200220 200264 2 0 1
200500 200199 200200 200222 2 0 1
200501 200199 200221 200243 2 0 1
200502 200199 200222 200221 2 0 1
200503 200199 200243 200287 2 0 1
200504 200200 200201 200222 2 0 1
200505 200201 200202 200224 2 0 1
200506 200201 200223 200222 2 0 1
200507 200201 200224 200223 2 0 1
200508 200202 200203 200225 2 0 1
200509 200202 200225 200224 2 0 1
200510 200203 200204 200225 2 0 1
200511 200204 200205 200226 2 0 1
200512 200204 200226 200225 2 0 1
200513 200205 200206 200228 2 0 1
200514 200205 200227 200226 2 0 1
200515 200205 200228 200227 2 0 1
200516 200206 200207 200228 2 0 1
200517 200207 200208 200229 2 0 1
200518 200207 200229 200228 2 0 1
200519 200208 200209 200231 2 0 1
200520 200208 200230 200229 2 0 1
200521 200208 200231 200230 2 0 1
200522 200210 200232 200233 2 0 1
200523 200210 200233 200211 2 0 1
200524 200211 200233 200212 2 0 1
200525 200212 200233 200234 2 0 1
200526 200212 200234 200235 2 0 1
200527 200212 200235 200213 2 0 1
200528 200213 200235 200214 2 0 1
200529 200214 200235 200236 2 0 1
200530 200214 200236 200237 2 0 1
200531 200214 200237 200215 2 0 1
200532 200215 200237 200238 2 0 1
200533 200215 200238 200216 2 0 1
200534 200216 200238 200217 2 0 1
200535 200217 200238 200239 2 0 1
200536 200217 200239 200218 2 0 1
200537 200218 200239 200240 2 0 1
200538 200218 200240 200241 2 0 1
200539 200218 200241 200219 2 0 1
200540 200219 200241 200220 2 0 1
200541 200220 200241 200242 2 0 1
200542 200220 200242 200264 2 0 1
200543 200221 200222 200243 2 0 1
200544 200222 200223 200245 2 0 1
200545 200222 200244 200243 2 0 1
200546 200222 200245 200244 2 0 1
200547 200223 200224 200245 2 0 1
200548 200224 200225 200246 2 0 1
200549 200224 200246 200245 2 0 1
200550 200225 200226 200248 2 0 1
200551 200225 200247 200246 2 0 1
200552 200225 200248 200247 2 0 1
200553 200226 200227 200249 2 0 1
200554 200226 200249 200248 2 0 1
200555 200227 200228 200249 2 0 1
200556 200228 200229 200251 2 0 1
200557 200228 200250 200249 2 0 1
200558 200228 200251 200250 2 0 1
200559 200229 200230 200251 2 0 1
200560 200230 200231 200252 2 0 1
200561 200230 200252 200251 2 0 1
200562 200231 200253 200252 2 0 1
200563 200232 200254 200255 2 0 1
200564 200232 200255 200233 2 0 1
200565 200233 200255 200234 2 0 1
200566 200234 200255 200256 2 0 1
200567 200234 200256 200257 2 0 1
200568 200234 200257 200235 2 0 1
200569 200235 200257 200258 2 0 1
200570 200235 200258 200236 2 0 1
200571 200236 200258 200237 2 0 1
200572 200237 200258 200259 2 0 1
200573 200237 200259 200238 2 0 1
200574 200238 200259 200260 2 0 1
200575 200238 200260 200261 2 0 1
200576 200238 200261 200239 2 0 1
200577 200239 200261 200262 2 0 1
200578 200239 200262 200240 2 0 1
200579 200240 200262 200241 2 0 1
200580 200241 200262 200263 2 0 1
200581 200241 200263 200242 2 0 1
200582 200242 200263 200264 2 0 1
200583 200243 200244 200266 2 0 1
200584 200243 200265 200287 2 0 1
200585 200243 200266 200265 2 0 1
200586 200244 200245 200266 2 0 1
200587 200245 200246 200268 2 0 1
200588 200245 200267 200266 2 0 1
200589 200245 200268 200267 2 0 1
200590 200246 200247 200269 2 0 1
200591 200246 200269 200268 2 0 1
200592 200247 200248 200269 2 0 1
200593 200248 200249 200270 2 0 1
200594 200248 200270 200269 2 0 1
200595 200249 200250 200272 2 0 1
200596 200249 200271 200270 2 0 1
200597 200249 200272 200271 2 0 1
200598 200250 200251 200272 2 0 1
200599 200251 200252 200273 2 0 1
200600 200251 200273 200272 2 0 1
200601 200252 200253 200275 2 0 1
200602 200252 200274 200273 2 0 1
200603 200252 200275 200274 2 0 1
200604 200254 200276 200277 2 0 1
200605 200254 200277 200255 2 0 1
200606 200255 200277 200256 2 0 1
200607 200256 200277 200278 2 0 1
200608 200256 200278 200257 2 0 1
200609 200257 200278 200279 2 0 1
200610 200257 200279 200280 2 0 1
200611 200257 200280 200258 2 0 1
200612 200258 200280 200281 2 0 1
200613 200258 200281 200259 2 0 1
200614 200259 200281 200260 2 0 1
200615 200260 200281 200282 2 0 1
200616 200260 200282 200283 2 0 1
200617 200260 200283 200261 2 0 1
200618 200261 200283 200262 2 0 1
200619 200262 200283 200284 2 0 1
200620 200262 200284 200263 2 0 1
200621 200263 200284 200285 2 0 1
200622 200263 200285 200286 2 0 1
200623 200263 200286 200264 2 0 1
200624 200265 200266 200287 2 0 1
200625 200266 200267 200289 2 0 1
200626 200266 200288 200287 2 0 1
200627 200266 200289 200288 2 0 1
200628 200267 200268 200289 2 0 1
200629 200268 200269 200290 2 0 1
200630 200268 200290 200289 2 0 1
200631 200269 200270 200292 2 0 1
200632 200269 200291 200290 2 0 1
200633 200269 200292 200291 2 0 1
200634 200270 200271 200293 2 0 1
200635 200270 200293 200292 2 0 1
200636 200271 200272 200293 2 0 1
200637 200272 200273 200295 2 0 1
200638 200272 200294 200293 2 0 1
200639 200272 200295 200294 2 0 1
200640 200273 200274 200295 2 0 1
200641 200274 200275 200296 2 0 1
200642 200274 200296 200295 2 0 1
200643 200275 200297 200296 2 0 1
200644 200276 200298 200299 2 0 1
200645 200276 200299 200277 2 0 1
200646 200277 200299 200300 2 0 1
200647 200277 200300 200278 2 0 1
200648 200278 200300 200301 2 0 1
200649 200278 200301 200279 2 0 1
200650 200279 200301 200280 2 0 1
200651 200280 200301 200302 2 0 1
200652 200280 200302 200281 2 0 1
200653 200281 200302 200303 2 0 1
200654 200281 200303 200304 2 0 1
200655 200281 200304 200282 2 0 1
200656 200282 200304 200283 2 0 1
200657 200283 200304 200305 2 0 1
200658 200283 200305 200306 2 0 1
200659 200283 200306 200284 2 0 1
200660 200284 200306 200307 2 0 1
200661 200284 200307 200285 2 0 1
200662 200285 200307 200286 2 0 1
200663 200286 200307 200308 2 0 1
200664 200286 200308 200330 2 0 1
200665 200286 200330 200374 2 0 1
200666 200286 200374 200638 2 0 1
200667 200287 200288 200309 2 0 1
200668 200287 200309 200331 2 0 1
200669 200287 200331 200441 2 0 1
200670 200288 200289 200310 2 0 1
200671 200288 200310 200309 2 0 1
200672 200289 200290 200312 2 0 1
200673 200289 200311 200310 2 0 1
200674 200289 200312 200311 2 0 1
200675 200290 200291 200313 2 0 1
200676 200290 200313 200312 2 0 1
200677 200291 200292 200313 2 0 1
200678 200292 200293 200314 2 0 1
200679 200292 200314 200313 2 0 1
200680 200293 200294 200316 2 0 1
200681 200293 200315 200314 2 0 1
200682 200293 200316 200315 2 0 1
200683 200294 200295 200317 2 0 1
200684 200294 200317 200316 2 0 1
200685 200295 200296 200318 2 0 1
200686 200295 200318 200317 2 0 1
200687 200296 200297 200318 2 0 1
200688 200297 200319 200318 2 0 1
200689 200298 200320 200299 2 0 1
200690 200299 200320 200321 2 0 1
200691 200299 200321 200300 2 0 1
200692 200300 200321 200322 2 0 1
200693 200300 200322 200301 2 0 1
200694 200301 200322 200323 2 0 1
200695 200301 200323 200324 2 0 1
200696 200301 200324 200302 2 0 1
200697 200302 200324 200303 2 0 1
200698 200303 200324 200325 2 0 1
200699 200303 200325 200326 2 0 1
200700 200303 200326 200304 2 0 1
200701 200304 200326 200305 2 0 1
200702 200305 200326 200327 2 0 1
200703 200305 200327 200328 2 0 1
200704 200305 200328 200306 2 0 1
200705 200306 200328 200307 2 0 1
200706 200307 200328 200329 2 0 1
200707 200307 200329 200330 2 0 1
200708 200307 200330 200308 2 0 1
200709 200309 200310 200332 2 0 1
200710 200309 200332 200331 2 0 1
200711 200310 200311 200333 2 0 1
200712 200310 200333 200332 2 0 1
200713 200311 200312 200334 2 0 1
200714 200311 200334 200333 2 0 1
200715 200312 200313 200334 2 0 1
200716 200313 200314 200336 2 0 1
200717 200313 200335 200334 2 0 1
200718 200313 200336 200335 2 0 1
200719 200314 200315 200336 2 0 1
200720 200315 200316 200337 2 0 1
200721 200315 200337 200336 2 0 1
200722 200316 200317 200338 2 0 1
200723 200316 200338 200337 2 0 1
200724 200317 200318 200339 2 0 1
200725 200317 200339 200338 2 0 1
200726 200318 200319 200341 2 0 1
200727 200318 200340 200339 2 0 1
200728 200318 200341 200340 2 0 1
200729 200320 200342 200321 2 0 1
200730 200321 200342 200343 2 0 1
200731 200321 200343 200344 2 0 1
200732 200321 200344 200322 2 0 1
200733 200322 200344 200323 2 0 1
200734 200323 200344 200345 2 0 1
200735 200323 200345 200346 2 0 1
200736 200323 200346 200324 2 0 1
200737 200324 200346 200347 2 0 1
200738 200324 200347 200325 2 0 1
200739 200325 200347 200326 2 0 1
200740 200326 200347 200348 2 0 1
200741 200326 200348 200349 2 0 1
200742 200326 200349 200327 2 0 1
200743 200327 200349 200328 2 0 1
200744 200328 200349 200350 2 0 1
200745 200328 200350 200329 2 0 1
200746 200329 200350 200351 2 0 1
200747 200329 200351 200352 2 0 1
200748 200329 200352 200330 2 0 1
200749 200330 200352 200374 2 0 1
200750 200331 200332 200353 2 0 1
200751 200331 200353 200375 2 0 1
200752 200331 200375 200397 2 0 1
200753 200331 200397 200441 2 0 1
200754 200332 200333 200354 2 0 1
200755 200332 200354 200353 2 0 1
200756 200333 200334 200355 2 0 1
200757 200333 200355 200354 2 0 1
200758 200334 200335 200357 2 0 1
200759 200334 200356 200355 2 0 1
200760 200334 200357 200356 2 0 1
200761 200335 200336 200357 2 0 1
200762 200336 200337 200359 2 0 1
200763 200336 200358 200357 2 0 1
200764 200336 200359 200358 2 0 1
200765 200337 200338 200360 2 0 1
200766 200337 200360 200359 2 0 1
200767 200338 200339 200361 2 0 1
200768 200338 200361 200360 2 0 1
200769 200339 200340 200361 2 0 1
200770 200340 200341 200363 2 0 1
200771 200340 200362 200361 2 0 1
200772 200340 200363 200362 2 0 1
200773 200342 200364 200343 2 0 1
200774 200343 200364 200365 2 0 1
200775 200343 200365 200344 2 0 1
200776 200344 200365 200366 2 0 1
200777 200344 200366 200367 2 0 1
200778 200344 200367 200345 2 0 1
200779 200345 200367 200346 2 0 1
200780 200346 200367 200368 2 0 1
200781 200346 200368 200369 2 0 1
200782 200346 200369 200347 2 0 1
200783 200347 200369 200348 2 0 1
200784 200348 200369 200370 2 0 1
200785 200348 200370 200371 2 0 1
200786 200348 200371 200349 2 0 1
200787 200349 200371 200350 2 0 1
200788 200350 200371 200372 2 0 1
200789 200350 200372 200373 2 0 1
200790 200350 200373 200351 2 0 1
200791 200351 200373 200352 2 0 1
200792 200352 200373 200374 2 0 1
200793 200353 200354 200376 2 0 1
200794 200353 200376 200375 2 0 1
200795 200354 200355 200376 2 0 1
200796 200355 200356 200377 2 0 1
200797 200355 200377 200376 2 0 1
200798 200356 200357 200379 2 0 1
200799 200356 200378 200377 2 0 1
200800 200356 200379 200378 2 0 1
200801 200357 200358 200379 2 0 1
200802 200358 200359 200381 2 0 1
200803 200358 200380 200379 2 0 1
200804 200358 200381 200380 2 0 1
200805 200359 200360 200382 2 0 1
200806 200359 200382 200381 2 0 1
200807 200360 200361 200382 2 0 1
200808 200361 200362 200383 2 0 1
200809 200361 200383 200382 2 0 1
200810 200362 200363 200384 2 0 1
200811 200362 200384 200383 2 0 1
200812 200363 200385 200384 2 0 1
200813 200364 200386 200387 2 0 1
200814 200364 200387 200365 2 0 1
200815 200365 200387 200388 2 0 1
200816 200365 200388 200366 2 0 1
200817 200366 200388 200367 2 0 1
200818 200367 200388 200389 2 0 1
200819 200367 200389 200368 2 0 1
200820 200368 200389 200390 2 0 1
200821 200368 200390 200369 2 0 1
200822 200369 200390 200391 2 0 1
200823 200369 200391 200392 2 0 1
200824 200369 200392 200370 2 0 1
200825 200370 200392 200371 2 0 1
200826 200371 200392 200393 2 0 1
200827 200371 200393 200394 2 0 1
200828 200371 200394 200372 2 0 1
200829 200372 200394 200395 2 0 1
200830 200372 200395 200373 2 0 1
200831 200373 200395 200396 2 0 1
200832 200373 200396 200374 2 0 1
200833 200374 200396 200418 2 0 1
200834 200374 200418 200462 2 0 1
200835 200374 200462 200638 2 0 1
200836 200375 200376 200397 2 0 1
200837 200376 200377 200399 2 0 1
200838 200376 200398 200397 2 0 1
200839 200376 200399 200398 2 0 1
200840 200377 200378 200400 2 0 1
200841 200377 200400 200399 2 0 1
200842 200378 200379 200400 2 0 1
200843 200379 200380 200402 2 0 1
200844 200379 200401 200400 2 0 1
200845 200379 200402 200401 2 0 1
200846 200380 200381 200402 2 0 1
200847 200381 200382 200403 2 0 1
200848 200381 200403 200402 2 0 1
200849 200382 200383 200405 2 0 1
200850 200382 200404 200403 2 0 1
200851 200382 200405 200404 2 0 1
200852 200383 200384 200406 2 0 1
200853 200383 200406 200405 2 0 1
200854 200384 200385 200406 2 0 1
200855 200385 200407 200406 2 0 1
200856 200386 200408 200409 2 0 1
200857 200386 200409 200387 2 0 1
200858 200387 200409 200388 2 0 1
200859 200388 200409 200410 2 0 1
200860 200388 200410 200389 2 0 1
200861 200389 200410 200411 2 0 1
200862 200389 200411 200412 2 0 1
200863 200389 200412 200390 2 0 1
200864 200390 200412 200413 2 0 1
200865 200390 200413 200391 2 0 1
200866 200391 200413 200392 2 0 1
200867 200392 200413 200414 2 0 1
200868 200392 200414 200415 2 0 1
200869 200392 200415 200393 2 0 1
200870 200393 200415 200394 2 0 1
200871 200394 200415 200416 2 0 1
200872 200394 200416 200395 2 0 1
200873 200395 200416 200417 2 0 1
200874 200395 200417 200418 2 0 1
200875 200395 200418 200396 2 0 1
200876 200397 200398 200420 2 0 1
200877 200397 200419 200441 2 0 1
200878 200397 200420 200419 2 0 1
200879 200398 200399 200420 2 0 1
200880 200399 200400 200421 2 0 1
200881 200399 200421 200420 2 0 1
200882 200400 200401 200423 2 0 1
200883 200400 200422 200421 2 0 1
200884 200400 200423 200422 2 0 1
200885 200401 200402 200423 2 0 1
200886 200402 200403 200425 2 0 1
200887 200402 200424 200423 2 0 1
200888 200402 200425 200424 2 0 1
200889 200403 200404 200426 2 0 1
200890 200403 200426 200425 2 0 1
200891 200404 200405 200426 2 0 1
200892 200405 200406 200427 2 0 1
200893 200405 200427 200426 2 0 1
200894 200406 200407 200429 2 0 1
200895 200406 200428 200427 2 0 1
200896 200406 200429 200428 2 0 1
200897 200408 200430 200409 2 0 1
200898 200409 200430 200431 2 0 1
200899 200409 200431 200432 2 0 1
200900 200409 200432 200410 2 0 1
200901 200410 200432 200433 2 0 1
200902 200410 200433 200411 2 0 1
200903 200411 200433 200412 2 0 1
200904 200412 200433 200434 2 0 1
200905 200412 200434 200413 2 0 1
200906 200413 200434 200435 2 0 1
200907 200413 200435 200436 2 0 1
200908 200413 200436 200414 2 0 1
200909 200414 200436 200415 2 0 1
200910 200415 200436 200437 2 0 1
200911 200415 200437 200438 2 0 1
200912 200415 200438 200416 2 0 1
200913 200416 200438 200439 2 0 1
200914 200416 200439 200417 2 0 1
200915 200417 200439 200418 2 0 1
200916 200418 200439 200440 2 0 1
200917 200418 200440 200462 2 0 1
200918 200419 200420 200442 2 0 1
200919 200419 200442 200441 2 0 1
200920 200420 200421 200443 2 0 1
200921 200420 200443 200442 2 0 1
200922 200421 200422 200444 2 0 1
200923 200421 200444 200443 2 0 1
200924 200422 200423 200444 2 0 1
200925 200423 200424 200446 2 0 1
200926 200423 200445 200444 2 0 1
200927 200423 200446 200445 2 0 1
200928 200424 200425 200446 2 0 1
200929 200425 200426 200447 2 0 1
200930 200425 200447 200446 2 0 1
200931 200426 200427 200448 2 0 1
200932 200426 200448 200447 2 0 1
200933 200427 200428 200450 2 0 1
200934 200427 200449 200448 2 0 1
200935 200427 200450 200449 2 0 1
200936 200428 200429 200451 2 0 1
200937 200428 200451 200450 2 0 1
200938 200430 200452 200431 2 0 1
200939 200431 200452 200453 2 0 1
200940 200431 200453 200432 2 0 1
200941 200432 200453 200454 2 0 1
200942 200432 200454 200455 2 0 1
200943 200432 200455 200433 2 0 1
200944 200433 200455 200456 2 0 1
200945 200433 200456 200434 2 0 1
200946 200434 200456 200457 2 0 1
200947 200434 200457 200435 2 0 1
200948 200435 200457 200436 2 0 1
200949 200436 200457 200458 2 0 1
200950 200436 200458 200459 2 0 1
200951 200436 200459 200437 2 0 1
200952 200437 200459 200438 2 0 1
200953 200438 200459 200460 2 0 1
200954 200438 200460 200439 2 0 1
200955 200439 200460 200461 2 0 1
200956 200439 200461 200440 2 0 1
200957 200440 200461 200462 2 0 1
200958 200441 200442 200463 2 0 1
200959 200441 200463 200485 2 0 1
200960 200441 200485 200551 2 0 1
200961 200441 200551 200573 2 0 1
200962 200442 200443 200465 2 0 1
200963 200442 200464 200463 2 0 1
200964 200442 200465 200464 2 0 1
200965 200443 200444 200465 2 0 1
200966 200444 200445 200467 2 0 1
200967 200444 200466 200465 2 0 1
200968 200444 200467 200466 2 0 1
200969 200445 200446 200467 2 0 1
200970 200446 200447 200469 2 0 1
200971 200446 200468 200467 2 0 1
200972 200446 200469 200468 2 0 1
200973 200447 200448 200469 2 0 1
200974 200448 200449 200471 2 0 1
200975 200448 200470 200469 2 0 1
200976 200448 200471 200470 2 0 1
200977 200449 200450 200471 2 0 1
200978 200450 200451 200472 2 0 1
200979 200450 200472 200471 2 0 1
200980 200451 200473 200472 2 0 1
200981 200452 200474 200475 2 0 1
200982 200452 200475 200453 2 0 1
200983 200453 200475 200476 2 0 1
200984 200453 200476 200454 2 0 1
200985 200454 200476 200455 2 0 1
200986 200455 200476 200477 2 0 1
200987 200455 200477 200478 2 0 1
200988 200455 200478 200456 2 0 1
200989 200456 200478 200457 2 0 1
200990 200457 200478 200479 2 0 1
200991 200457 200479 200480 2 0 1
200992 200457 200480 200458 2 0 1
200993 200458 200480 200459 2 0 1
200994 200459 200480 200481 2 0 1
200995 200459 200481 200482 2 0 1
200996 200459 200482 200460 2 0 1
200997 200460 200482 200461 2 0 1
200998 200461 200482 200483 2 0 1
200999 200461 200483 200484 2 0 1
201000 200461 200484 200462 2 0 1
201001 200462 200484 200506 2 0 1
201002 200462 200506 200572 2 0 1
201003 200462 200572 200638 2 0 1
201004 200463 200464 200486 2 0 1
201005 200463 200486 200485 2 0 1
201006 200464 200465 200486 2 0 1
201007 200465 200466 200487 2 0 1
201008 200465 200487 200486 2 0 1
201009 200466 200467 200489 2 0 1
201010 200466 200488 200487 2 0 1
201011 200466 200489 200488 2 0 1
201012 200467 200468 200489 2 0 1
201013 200468 200469 200491 2 0 1
201014 200468 200490 200489 2 0 1
201015 200468 200491 200490 2 0 1
201016 200469 200470 200492 2 0 1
201017 200469 200492 200491 2 0 1
201018 200470 200471 200492 2 0 1
201019 200471 200472 200494 2 0 1
201020 200471 200493 200492 2 0 1
201021 200471 200494 200493 2 0 1
201022 200472 200473 200494 2 0 1
201023 200473 200495 200494 2 0 1
201024 200474 200496 200497 2 0 1
201025 200474 200497 200475 2 0 1
201026 200475 200497 200476 2 0 1
201027 200476 200497 200498 2 0 1
201028 200476 200498 200499 2 0 1
201029 200476 200499 200477 2 0 1
201030 200477 200499 200478 2 0 1
201031 200478 200499 200500 2 0 1
201032 200478 200500 200501 2 0 1
201033 200478 200501 200479 2 0 1
201034 200479 200501 200480 2 0 1
201035 200480 200501 200502 2 0 1
201036 200480 200502 200503 2 0 1
201037 200480 200503 200481 2 0 1
201038 200481 200503 200482 2 0 1
201039 200482 200503 200504 2 0 1
201040 200482 200504 200505 2 0 1
201041 200482 200505 200483 2 0 1
201042 200483 200505 200484 2 0 1
201043 200484 200505 200506 2 0 1
201044 200485 200486 200508 2 0 1
201045 200485 200507 200551 2 0 1
201046 200485 200508 200507 2 0 1
201047 200486 200487 200508 2 0 1
201048 200487 200488 200510 2 0 1
201049 200487 200509 200508 2 0 1
201050 200487 200510 200509 2 0 1
201051 200488 200489 200510 2 0 1
201052 200489 200490 200512 2 0 1
201053 200489 200511 200510 2 0 1
201054 200489 200512 200511 2 0 1
201055 200490 200491 200512 2 0 1
201056 200491 200492 200514 2 0 1
201057 200491 200513 200512 2 0 1
201058 200491 200514 200513 2 0 1
201059 200492 200493 200514 2 0 1
201060 200493 200494 200515 2 0 1
201061 200493 200515 200514 2 0 1
201062 200494 200495 200516 2 0 1
201063 200494 200516 200515 2 0 1
201064 200495 200517 200516 2 0 1
201065 200496 200518 200497 2 0 1
201066 200497 200518 200519 2 0 1
201067 200497 200519 200520 2 0 1
201068 200497 200520 200498 2 0 1
201069 200498 200520 200521 2 0 1
201070 200498 200521 200499 2 0 1
201071 200499 200521 200522 2 0 1
201072 200499 200522 200500 2 0 1
201073 200500 200522 200501 2 0 1
201074 200501 200522 200523 2 0 1
201075 200501 200523 200524 2 0 1
201076 200501 200524 200502 2 0 1
201077 200502 200524 200503 2 0 1
201078 200503 200524 200525 2 0 1
201079 200503 200525 200526 2 0 1
201080 200503 200526 200504 2 0 1
201081 200504 200526 200505 2 0 1
201082 200505 200526 200527 2 0 1
201083 200505 200527 200506 2 0 1
201084 200506 200527 200528 2 0 1
201085 200506 200528 200550 2 0 1
201086 200506 200550 200572 2 0 1
201087 200507 200508 200529 2 0 1
201088 200507 200529 200551 2 0 1
201089 200508 200509 200531 2 0 1
201090 200508 200530 200529 2 0 1
201091 200508 200531 200530 2 0 1
201092 200509 200510 200531 2 0 1
201093 200510 200511 200533 2 0 1
201094 200510 200532 200531 2 0 1
201095 200510 200533 200532 2 0 1
201096 200511 200512 200533 2 0 1
201097 200512 200513 200535 2 0 1
201098 200512 200534 200533 2 0 1
201099 200512 200535 200534 2 0 1
201100 200513 200514 200535 2 0 1
201101 200514 200515 200537 2 0 1
201102 200514 200536 200535 2 0 1
201103 200514 200537 200536 2 0 1
201104 200515 200516 200537 2 0 1
201105 200516 200517 200539 2 0 1
201106 200516 200538 200537 2 0 1
201107 200516 200539 200538 2 0 1
201108 200518 200540 200519 2 0 1
201109 200519 200540 200541 2 0 1
201110 200519 200541 200520 2 0 1
201111 200520 200541 200542 2 0 1
201112 200520 200542 200543 2 0 1
201113 200520 200543 200521 2 0 1
201114 200521 200543 200522 2 0 1
201115 200522 200543 200544 2 0 1
201116 200522 200544 200545 2 0 1
201117 200522 200545 200523 2 0 1
201118 200523 200545 200546 2 0 1
201119 200523 200546 200524 2 0 1
201120 200524 200546 200525 2 0 1
201121 200525 200546 200547 2 0 1
201122 200525 200547 200526 2 0 1
201123 200526 200547 200548 2 0 1
201124 200526 200548 200549 2 0 1
201125 200526 200549 200527 2 0 1
201126 200527 200549 200528 2 0 1
201127 200528 200549 200550 2 0 1
201128 200529 200530 200552 2 0 1
201129 200529 200552 200551 2 0 1
201130 200530 200531 200552 2 0 1
201131 200531 200532 200554 2 0 1
201132 200531 200553 200552 2 0 1
201133 200531 200554 200553 2 0 1
201134 200532 200533 200554 2 0 1
201135 200533 200534 200556 2 0 1
201136 200533 200555 200554 2 0 1
201137 200533 200556 200555 2 0 1
201138 200534 200535 200556 2 0 1
201139 200535 200536 200558 2 0 1
201140 200535 200557 200556 2 0 1
201141 200535 200558 200557 2 0 1
201142 200536 200537 200558 2 0 1
201143 200537 200538 200560 2 0 1
201144 200537 200559 200558 2 0 1
201145 200537 200560 200559 2 0 1
201146 200538 200539 200560 2 0 1
201147 200539 200561 200560 2 0 1
201148 200540 200562 200563 2 0 1
201149 200540 200563 200541 2 0 1
201150 200541 200563 200542 2 0 1
201151 200542 200563 200564 2 0 1
201152 200542 200564 200543 2 0 1
201153 200543 200564 200565 2 0 1
201154 200543 200565 200566 2 0 1
201155 200543 200566 200544 2 0 1
201156 200544 200566 200545 2 0 1
201157 200545 200566 200567 2 0 1
201158 200545 200567 200546 2 0 1
201159 200546 200567 200568 2 0 1
201160 200546 200568 200569 2 0 1
201161 200546 200569 200547 2 0 1
201162 200547 200569 200570 2 0 1
201163 200547 200570 200548 2 0 1
201164 200548 200570 200549 2 0 1
201165 200549 200570 200571 2 0 1
201166 200549 200571 200572 2 0 1
201167 200549 200572 200550 2 0 1
201168 200551 200552 200574 2 0 1
201169 200551 200574 200573 2 0 1
201170 200552 200553 200575 2 0 1
201171 200552 200575 200574 2 0 1
201172 200553 200554 200575 2 0 1
201173 200554 200555 200577 2 0 1
201174 200554 200576 200575 2 0 1
201175 200554 200577 200576 2 0 1
201176 200555 200556 200577 2 0 1
201177 200556 200557 200579 2 0 1
201178 200556 200578 200577 2 0 1
201179 200556 200579 200578 2 0 1
201180 200557 200558 200579 2 0 1
201181 200558 200559 200580 2 0 1
201182 200558 200580 200579 2 0 1
201183 200559 200560 200582 2 0 1
201184 200559 200581 200580 2 0 1
201185 200559 200582 200581 2 0 1
201186 200560 200561 200582 2 0 1
201187 200561 200583 200582 2 0 1
201188 200562 200584 200563 2 0 1
201189 200563 200584 200585 2 0 1
201190 200563 200585 200586 2 0 1
201191 200563 200586 200564 2 0 1
201192 200564 200586 200587 2 0 1
201193 200564 200587 200565 2 0 1
201194 200565 200587 200566 2 0 1
201195 200566 200587 200588 2 0 1
201196 200566 200588 200589 2 0 1
201197 200566 200589 200567 2 0 1
201198 200567 200589 200590 2 0 1
201199 200567 200590 200568 2 0 1
201200 200568 200590 200569 2 0 1
201201 200569 200590 200591 2 0 1
201202 200569 200591 200570 2 0 1
201203 200570 200591 200592 2 0 1
201204 200570 200592 200593 2 0 1
201205 200570 200593 200571 2 0 1
201206 200571 200593 200572 2 0 1
201207 200572 200593 200594 2 0 1
201208 200572 200594 200638 2 0 1
201209 200573 200574 200596 2 0 1
201210 200573 200595 200617 2 0 1
201211 200573 200596 200595 2 0 1
201212 200573 200617 200749 2 0 1
201213 200574 200575 200596 2 0 1
201214 200575 200576 200598 2 0 1
201215 200575 200597 200596 2 0 1
201216 200575 200598 200597 2 0 1
201217 200576 200577 200598 2 0 1
201218 200577 200578 200600 2 0 1
201219 200577 200599 200598 2 0 1
201220 200577 200600 200599 2 0 1
201221 200578 200579 200600 2 0 1
201222 200579 200580 200602 2 0 1
201223 200579 200601 200600 2 0 1
201224 200579 200602 200601 2 0 1
201225 200580 200581 200602 2 0 1
201226 200581 200582 200603 2 0 1
201227 200581 200603 200602 2 0 1
201228 200582 200583 200605 2 0 1
201229 200582 200604 200603 2 0 1
201230 200582 200605 200604 2 0 1
201231 200584 200606 200585 2 0 1
201232 200585 200606 200607 2 0 1
201233 200585 200607 200608 2 0 1
201234 200585 200608 200586 2 0 1
201235 200586 200608 200587 2 0 1
201236 200587 200608 200609 2 0 1
201237 200587 200609 200610 2 0 1
201238 200587 200610 200588 2 0 1
201239 200588 200610 200589 2 0 1
201240 200589 200610 200611 2 0 1
201241 200589 200611 200590 2 0 1
201242 200590 200611 200612 2 0 1
201243 200590 200612 200613 2 0 1
201244 200590 200613 200591 2 0 1
201245 200591 200613 200614 2 0 1
201246 200591 200614 200592 2 0 1
201247 200592 200614 200593 2 0 1
201248 200593 200614 200615 2 0 1
201249 200593 200615 200616 2 0 1
201250 200593 200616 200594 2 0 1
201251 200594 200616 200638 2 0 1
201252 200595 200596 200618 2 0 1
201253 200595 200618 200617 2 0 1
201254 200596 200597 200618 2 0 1
201255 200597 200598 200620 2 0 1
201256 200597 200619 200618 2 0 1
201257 200597 200620 200619 2 0 1
201258 200598 200599 200621 2 0 1
201259 200598 200621 200620 2 0 1
201260 200599 200600 200621 2 0 1
201261 200600 200601 200622 2 0 1
201262 200600 200622 200621 2 0 1
201263 200601 200602 200624 2 0 1
201264 200601 200623 200622 2 0 1
201265 200601 200624 200623 2 0 1
201266 200602 200603 200624 2 0 1
201267 200603 200604 200626 2 0 1
201268 200603 200625 200624 2 0 1
201269 200603 200626 200625 2 0 1
201270 200604 200605 200626 2 0 1
201271 200605 200627 200626 2 0 1
201272 200606 200628 200629 2 0 1
201273 200606 200629 200607 2 0 1
201274 200607 200629 200608 2 0 1
201275 200608 200629 200630 2 0 1
201276 200608 200630 200631 2 0 1
201277 200608 200631 200609 2 0 1
201278 200609 200631 200610 2 0 1
201279 200610 200631 200632 2 0 1
201280 200610 200632 200633 2 0 1
201281 200610 200633 200611 2 0 1
201282 200611 200633 200634 2 0 1
201283 200611 200634 200612 2 0 1
201284 200612 200634 200613 2 0 1
201285 200613 200634 200635 2 0 1
201286 200613 200635 200614 2 0 1
201287 200614 200635 200636 2 0 1
201288 200614 200636 200637 2 0 1
201289 200614 200637 200615 2 0 1
201290 200615 200637 200616 2 0 1
201291 200616 200637 200638 2 0 1
201292 200617 200618 200639 2 0 1
201293 200617 200639 200661 2 0 1
201294 200617 200661 200749 2 0 1
201295 200618 200619 200641 2 0 1
201296 200618 200640 200639 2 0 1
201297 200618 200641 200640 2 0 1
201298 200619 200620 200642 2 0 1
201299 200619 200642 200641 2 0 1
201300 200620 200621 200642 2 0 1
201301 200621 200622 200644 2 0 1
201302 200621 200643 200642 2 0 1
201303 200621 200644 200643 2 0 1
201304 200622 200623 200644 2 0 1
201305 200623 200624 200645 2 0 1
201306 200623 200645 200644 2 0 1
201307 200624 200625 200647 2 0 1
201308 200624 200646 200645 2 0 1
201309 200624 200647 200646 2 0 1
201310 200625 200626 200647 2 0 1
201311 200626 200627 200648 2 0 1
201312 200626 200648 200647 2 0 1
201313 200627 200649 200648 2 0 1
201314 200628 200650 200651 2 0 1
201315 200628 200651 200629 2 0 1
201316 200629 200651 200652 2 0 1
201317 200629 200652 200630 2 0 1
201318 200630 200652 200631 2 0 1
201319 200631 200652 200653 2 0 1
201320 200631 200653 200654 2 0 1
201321 200631 200654 200632 2 0 1
201322 200632 200654 200633 2 0 1
201323 200633 200654 200655 2 0 1
201324 200633 200655 200634 2 0 1
201325 200634 200655 200656 2 0 1
201326 200634 200656 200657 2 0 1
201327 200634 200657 200635 2 0 1
201328 200635 200657 200658 2 0 1
201329 200635 200658 200636 2 0 1
201330 200636 200658 200637 2 0 1
201331 200637 200658 200659 2 0 1
201332 200637 200659 200660 2 0 1
201333 200637 200660 200638 2 0 1
201334 200638 200660 200682 2 0 1
201335 200638 200682 200770 2 0 1
201336 200639 200640 200662 2 0 1
201337 200639 200662 200661 2 0 1
201338 200640 200641 200662 2 0 1
201339 200641 200642 200663 2 0 1
201340 200641 200663 200662 2 0 1
201341 200642 200643 200665 2 0 1
201342 200642 200664 200663 2 0 1
201343 200642 200665 200664 2 0 1
201344 200643 200644 200665 2 0 1
201345 200644 200645 200667 2 0 1
201346 200644 200666 200665 2 0 1
201347 200644 200667 200666 2 0 1
201348 200645 200646 200668 2 0 1
201349 200645 200668 200667 2 0 1
201350 200646 200647 200668 2 0 1
201351 200647 200648 200669 2 0 1
201352 200647 200669 200668 2 0 1
201353 200648 200649 200671 2 0 1
201354 200648 200670 200669 2 0 1
201355 200648 200671 200670 2 0 1
201356 200650 200672 200651 2 0 1
201357 200651 200672 200673 2 0 1
201358 200651 200673 200652 2 0 1
201359 200652 200673 200674 2 0 1
201360 200652 200674 200675 2 0 1
201361 200652 200675 200653 2 0 1
201362 200653 200675 200676 2 0 1
201363 200653 200676 200654 2 0 1
201364 200654 200676 200677 2 0 1
201365 200654 200677 200655 2 0 1
201366 200655 200677 200656 2 0 1
201367 200656 200677 200678 2 0 1
201368 200656 200678 200679 2 0 1
201369 200656 200679 200657 2 0 1
201370 200657 200679 200658 2 0 1
201371 200658 200679 200680 2 0 1
201372 200658 200680 200659 2 0 1
201373 200659 200680 200681 2 0 1
201374 200659 200681 200660 2 0 1
201375 200660 200681 200682 2 0 1
201376 200661 200662 200683 2 0 1
201377 200661 200683 200705 2 0 1
201378 200661 200705 200749 2 0 1
201379 200662 200663 200684 2 0 1
201380 200662 200684 200683 2 0 1
201381 200663 200664 200685 2 0 1
201382 200663 200685 200684 2 0 1
201383 200664 200665 200686 2 0 1
201384 200664 200686 200685 2 0 1
201385 200665 200666 200688 2 0 1
201386 200665 200687 200686 2 0 1
201387 200665 200688 200687 2 0 1
201388 200666 200667 200689 2 0 1
201389 200666 200689 200688 2 0 1
201390 200667 200668 200690 2 0 1
201391 200667 200690 200689 2 0 1
201392 200668 200669 200691 2 0 1
201393 200668 200691 200690 2 0 1
201394 200669 200670 200691 2 0 1
201395 200670 200671 200692 2 0 1
201396 200670 200692 200691 2 0 1
201397 200671 200693 200692 2 0 1
201398 200672 200694 200673 2 0 1
201399 200673 200694 200695 2 0 1
201400 200673 200695 200696 2 0 1
201401 200673 200696 200674 2 0 1
201402 200674 200696 200697 2 0 1
201403 200674 200697 200675 2 0 1
201404 200675 200697 200676 2 0 1
201405 200676 200697 200698 2 0 1
201406 200676 200698 200677 2 0 1
201407 200677 200698 200699 2 0 1
201408 200677 200699 200678 2 0 1
201409 200678 200699 200700 2 0 1
201410 200678 200700 200701 2 0 1
201411 200678 200701 200679 2 0 1
201412 200679 200701 200702 2 0 1
201413 200679 200702 200680 2 0 1
201414 200680 200702 200703 2 0 1
201415 200680 200703 200681 2 0 1
201416 200681 200703 200682 2 0 1
201417 200682 200703 200704 2 0 1
201418 200682 200704 200770 2 0 1
201419 200683 200684 200705 2 0 1
201420 200684 200685 200707 2 0 1
201421 200684 200706 200705 2 0 1
201422 200684 200707 200706 2 0 1
201423 200685 200686 200707 2 0 1
201424 200686 200687 200709 2 0 1
201425 200686 200708 200707 2 0 1
201426 200686 200709 200708 2 0 1
201427 200687 200688 200709 2 0 1
201428 200688 200689 200711 2 0 1
201429 200688 200710 200709 2 0 1
201430 200688 200711 200710 2 0 1
201431 200689 200690 200711 2 0 1
201432 200690 200691 200713 2 0 1
201433 200690 200712 200711 2 0 1
201434 200690 200713 200712 2 0 1
201435 200691 200692 200714 2 0 1
201436 200691 200714 200713 2 0 1
201437 200692 200693 200715 2 0 1
201438 200692 200715 200714 2 0 1
201439 200694 200716 200717 2 0 1
201440 200694 200717 200695 2 0 1
201441 200695 200717 200696 2 0 1
201442 200696 200717 200718 2 0 1
201443 200696 200718 200719 2 0 1
201444 200696 200719 200697 2 0 1
201445 200697 200719 200698 2 0 1
201446 200698 200719 200720 2 0 1
201447 200698 200720 200699 2 0 1
201448 200699 200720 200721 2 0 1
201449 200699 200721 200722 2 0 1
201450 200699 200722 200700 2 0 1
201451 200700 200722 200701 2 0 1
201452 200701 200722 200723 2 0 1
201453 200701 200723 200724 2 0 1
201454 200701 200724 200702 2 0 1
201455 200702 200724 200725 2 0 1
201456 200702 200725 200703 2 0 1
201457 200703 200725 200704 2 0 1
201458 200704 200725 200726 2 0 1
201459 200704 200726 200770 2 0 1
201460 200705 200706 200727 2 0 1
201461 200705 200727 200749 2 0 1
201462 200706 200707 200729 2 0 1
201463 200706 200728 200727 2 0 1
201464 200706 200729 200728 2 0 1
201465 200707 200708 200730 2 0 1
201466 200707 200730 200729 2 0 1
201467 200708 200709 200730 2 0 1
201468 200709 200710 200732 2 0 1
201469 200709 200731 200730 2 0 1
201470 200709 200732 200731 2 0 1
201471 200710 200711 200732 2 0 1
201472 200711 200712 200733 2 0 1
201473 200711 200733 200732 2 0 1
201474 200712 200713 200735 2 0 1
201475 200712 200734 200733 2 0 1
201476 200712 200735 200734 2 0 1
201477 200713 200714 200735 2 0 1
201478 200714 200715 200737 2 0 1
201479 200714 200736 200735 2 0 1
201480 200714 200737 200736 2 0 1
201481 200716 200738 200717 2 0 1
201482 200717 200738 200739 2 0 1
201483 200717 200739 200740 2 0 1
201484 200717 200740 200718 2 0 1
201485 200718 200740 200719 2 0 1
201486 200719 200740 200741 2 0 1
201487 200719 200741 200742 2 0 1
201488 200719 200742 200720 2 0 1
201489 200720 200742 200743 2 0 1
201490 200720 200743 200721 2 0 1
201491 200721 200743 200722 2 0 1
201492 200722 200743 200744 2 0 1
201493 200722 200744 200745 2 0 1
201494 200722 200745 200723 2 0 1
201495 200723 200745 200724 2 0 1
201496 200724 200745 200746 2 0 1
201497 200724 200746 200725 2 0 1
201498 200725 200746 200747 2 0 1
201499 200725 200747 200748 2 0 1
201500 200725 200748 200726 2 0 1
201501 200726 200748 200770 2 0 1
201502 200727 200728 200750 2 0 1
201503 200727 200750 200749 2 0 1
201504 200728 200729 200750 2 0 1
201505 200729 200730 200752 2 0 1
201506 200729 200751 200750 2 0 1
201507 200729 200752 200751 2 0 1
201508 200730 200731 200752 2 0 1
201509 200731 200732 200754 2 0 1
201510 200731 200753 200752 2 0 1
201511 200731 200754 200753 2 0 1
201512 200732 200733 200754 2 0 1
201513 200733 200734 200756 2 0 1
201514 200733 200755 200754 2 0 1
201515 200733 200756 200755 2 0 1
201516 200734 200735 200756 2 0 1
201517 200735 200736 200758 2 0 1
201518 200735 200757 200756 2 0 1
201519 200735 200758 200757 2 0 1
201520 200736 200737 200759 2 0 1
201521 200736 200759 200758 2 0 1
201522 200738 200760 200739 2 0 1
201523 200739 200760 200761 2 0 1
201524 200739 200761 200740 2 0 1
201525 200740 200761 200762 2 0 1
201526 200740 200762 200763 2 0 1
201527 200740 200763 200741 2 0 1
201528 200741 200763 200742 2 0 1
201529 200742 200763 200764 2 0 1
201530 200742 200764 200765 2 0 1
201531 200742 200765 200743 2 0 1
201532 200743 200765 200744 2 0 1
201533 200744 200765 200766 2 0 1
201534 200744 200766 200767 2 0 1
201535 200744 200767 200745 2 0 1
201536 200745 200767 200746 2 0 1
201537 200746 200767 200768 2 0 1
201538 200746 200768 200769 2 0 1
201539 200746 200769 200747 2 0 1
201540 200747 200769 200748 2 0 1
201541 200748 200769 200770 2 0 1
201542 200749 200750 200771 2 0 1
201543 200750 200751 200772 2 0 1
201544 200750 200772 200771 2 0 1
201545 200751 200752 200773 2 0 1
201546 200751 200773 200772 2 0 1
201547 200752 200753 200775 2 0 1
201548 200752 200774 200773 2 0 1
201549 200752 200775 200774 2 0 1
201550 200753 200754 200775 2 0 1
201551 200754 200755 200777 2 0 1
201552 200754 200776 200775 2 0 1
201553 200754 200777 200776 2 0 1
201554 200755 200756 200778 2 0 1
201555 200755 200778 200777 2 0 1
201556 200756 200757 200779 2 0 1
201557 200756 200779 200778 2 0 1
201558 200757 200758 200779 2 0 1
201559 200758 200759 200780 2 0 1
201560 200758 200780 200779 2 0 1
201561 200759 200781 200780 2 0 1
201562 200760 200782 200783 2 0 1
201563 200760 200783 200761 2 0 1
201564 200761 200783 200784 2 0 1
201565 200761 200784 200762 2 0 1
201566 200762 200784 200763 2 0 1
201567 200763 200784 200785 2 0 1
201568 200763 200785 200764 2 0 1
201569 200764 200785 200786 2 0 1
201570 200764 200786 200765 2 0 1
201571 200765 200786 200787 2 0 1
201572 200765 200787 200788 2 0 1
201573 200765 200788 200766 2 0 1
201574 200766 200788 200767 2 0 1
201575 200767 200788 200789 2 0 1
201576 200767 200789 200790 2 0 1
201577 200767 200790 200768 2 0 1
201578 200768 200790 200791 2 0 1
201579 200768 200791 200769 2 0 1
201580 200769 200791 200792 2 0 1
201581 200769 200792 200770 2 0 1
