793
200000 1.060660 0.000000 -1.060660
200001 1.299038 0.000000 -0.750000
200002 1.409539 0.000000 -0.513030
200003 1.477212 0.000000 -0.260472
200004 1.500000 0.000000 0.000000
200005 1.477212 0.000000 0.260472
200006 1.409539 0.000000 0.513030
200007 1.299038 0.000000 0.750000
200008 1.060660 0.000000 1.060660
200009 0.750000 0.000000 1.299038
200010 0.388229 0.000000 1.448889
200011 0.000000 0.000000 1.500000
200012 -0.388229 0.000000 1.448889
200013 -0.750000 0.000000 1.299038
200014 -1.060660 0.000000 1.060660
200015 -1.299038 0.000000 0.750000
200016 -1.409539 0.000000 0.513030
200017 -1.477212 0.000000 0.260472
200018 -1.500000 0.000000 0.000000
200019 -1.477212 0.000000 -0.260472
200020 -1.409539 0.000000 -0.513030
200021 -1.299038 0.000000 -0.750000
200022 -1.060660 0.000000 -1.060660
200023 1.056624 -0.092443 -1.060660
200024 1.294095 -0.113219 -0.750000
200025 1.404175 -0.122849 -0.513030
200026 1.471590 -0.128747 -0.260472
200027 1.494292 -0.130734 0.000000
200028 1.471590 -0.128747 0.260472
200029 1.404175 -0.122849 0.513030
200030 1.294095 -0.113219 0.750000
200031 1.056624 -0.092443 1.060660
200032 0.747146 -0.065367 1.299038
200033 0.386751 -0.033836 1.448889
200034 -0.386751 0.033836 1.448889
200035 -0.747146 0.065367 1.299038
200036 -1.056624 0.092443 1.060660
200037 -1.294095 0.113219 0.750000
200038 -1.404175 0.122849 0.513030
200039 -1.471590 0.128747 0.260472
200040 -1.494292 0.130734 0.000000
200041 -1.471590 0.128747 -0.260472
200042 -1.404175 0.122849 -0.513030
200043 -1.294095 0.113219 -0.750000
200044 -1.056624 0.092443 -1.060660
200045 1.044546 -0.184182 -1.060660
200046 1.279303 -0.225576 -0.750000
200047 1.388125 -0.244764 -0.513030
200048 1.454769 -0.256515 -0.260472
200049 1.477212 -0.260472 0.000000
200050 1.454769 -0.256515 0.260472
200051 1.388125 -0.244764 0.513030
200052 1.279303 -0.225576 0.750000
200053 1.044546 -0.184182 1.060660
200054 0.738606 -0.130236 1.299038
200055 0.382331 -0.067415 1.448889
200056 -0.382331 0.067415 1.448889
200057 -0.738606 0.130236 1.299038
200058 -1.044546 0.184182 1.060660
200059 -1.279303 0.225576 0.750000
200060 -1.388125 0.244764 0.513030
200061 -1.454769 0.256515 0.260472
200062 -1.477212 0.260472 0.000000
200063 -1.454769 0.256515 -0.260472
200064 -1.388125 0.244764 -0.513030
200065 -1.279303 0.225576 -0.750000
200066 -1.044546 0.184182 -1.060660
200067 1.024519 -0.274519 -1.060660
200068 1.254774 -0.336216 -0.750000
200069 1.361510 -0.364816 -0.513030
200070 1.426877 -0.382331 -0.260472
200071 1.448889 -0.388229 0.000000
200072 1.426877 -0.382331 0.260472
200073 1.361510 -0.364816 0.513030
200074 1.254774 -0.336216 0.750000
200075 1.024519 -0.274519 1.060660
200076 0.724444 -0.194114 1.299038
200077 0.375000 -0.100481 1.448889
200078 -0.375000 0.100481 1.448889
200079 -0.724444 0.194114 1.299038
200080 -1.024519 0.274519 1.060660
200081 -1.254774 0.336216 0.750000
200082 -1.361510 0.364816 0.513030
200083 -1.426877 0.382331 0.260472
200084 -1.448889 0.388229 0.000000
200085 -1.426877 0.382331 -0.260472
200086 -1.361510 0.364816 -0.513030
200087 -1.254774 0.336216 -0.750000
200088 -1.024519 0.274519 -1.060660
200089 0.996695 -0.362767 -1.060660
200090 1.220697 -0.444297 -0.750000
200091 1.324533 -0.482091 -0.513030
200092 1.388125 -0.505236 -0.260472
200093 1.409539 -0.513030 0.000000
200094 1.388125 -0.505236 0.260472
200095 1.324533 -0.482091 0.513030
200096 1.220697 -0.444297 0.750000
200097 0.996695 -0.362767 1.060660
200098 0.704769 -0.256515 1.299038
200099 0.364816 -0.132782 1.448889
200100 -0.364816 0.132782 1.448889
200101 -0.704769 0.256515 1.299038
200102 -0.996695 0.362767 1.060660
200103 -1.220697 0.444297 0.750000
200104 -1.324533 0.482091 0.513030
200105 -1.388125 0.505236 0.260472
200106 -1.409539 0.513030 0.000000
200107 -1.388125 0.505236 -0.260472
200108 -1.324533 0.482091 -0.513030
200109 -1.220697 0.444297 -0.750000
200110 -0.996695 0.362767 -1.060660
200111 0.961285 -0.448254 -1.060660
200112 1.177328 -0.548997 -0.750000
200113 1.277476 -0.595697 -0.513030
200114 1.338808 -0.624297 -0.260472
200115 1.359462 -0.633927 0.000000
200116 1.338808 -0.624297 0.260472
200117 1.277476 -0.595697 0.513030
200118 1.177328 -0.548997 0.750000
200119 0.961285 -0.448254 1.060660
200120 0.679731 -0.316964 1.299038
200121 0.351855 -0.164072 1.448889
200122 -0.351855 0.164072 1.448889
200123 -0.679731 0.316964 1.299038
200124 -0.961285 0.448254 1.060660
200125 -1.177328 0.548997 0.750000
200126 -1.277476 0.595697 0.513030
200127 -1.338808 0.624297 0.260472
200128 -1.359462 0.633927 0.000000
200129 -1.338808 0.624297 -0.260472
200130 -1.277476 0.595697 -0.513030
200131 -1.177328 0.548997 -0.750000
200132 -0.961285 0.448254 -1.060660
200133 0.918559 -0.530330 -1.060660
200134 1.125000 -0.649519 -0.750000
200135 1.220697 -0.704769 -0.513030
200136 1.279303 -0.738606 -0.260472
200137 1.299038 -0.750000 0.000000
200138 1.279303 -0.738606 0.260472
200139 1.220697 -0.704769 0.513030
200140 1.125000 -0.649519 0.750000
200141 0.918559 -0.530330 1.060660
200142 0.649519 -0.375000 1.299038
200143 0.336216 -0.194114 1.448889
200144 -0.336216 0.194114 1.448889
200145 -0.649519 0.375000 1.299038
200146 -0.918559 0.530330 1.060660
200147 -1.125000 0.649519 0.750000
200148 -1.220697 0.704769 0.513030
200149 -1.279303 0.738606 0.260472
200150 -1.299038 0.750000 0.000000
200151 -1.279303 0.738606 -0.260472
200152 -1.220697 0.704769 -0.513030
200153 -1.125000 0.649519 -0.750000
200154 -0.918559 0.530330 -1.060660
200155 0.868842 -0.608370 -1.060660
200156 1.064110 -0.745098 -0.750000
200157 1.154627 -0.808478 -0.513030
200158 1.210061 -0.847294 -0.260472
200159 1.228728 -0.860365 0.000000
200160 1.210061 -0.847294 0.260472
200161 1.154627 -0.808478 0.513030
200162 1.064110 -0.745098 0.750000
200163 0.868842 -0.608370 1.060660
200164 0.614364 -0.430182 1.299038
200165 0.318018 -0.222679 1.448889
200166 -0.318018 0.222679 1.448889
200167 -0.614364 0.430182 1.299038
200168 -0.868842 0.608370 1.060660
200169 -1.064110 0.745098 0.750000
200170 -1.154627 0.808478 0.513030
200171 -1.210061 0.847294 0.260472
200172 -1.228728 0.860365 0.000000
200173 -1.210061 0.847294 -0.260472
200174 -1.154627 0.808478 -0.513030
200175 -1.064110 0.745098 -0.750000
200176 -0.868842 0.608370 -1.060660
200177 0.812513 -0.681779 -1.060660
200178 0.995121 -0.835006 -0.750000
200179 1.079769 -0.906034 -0.513030
200180 1.131610 -0.949533 -0.260472
200181 1.149067 -0.964181 0.000000
200182 1.131610 -0.949533 0.260472
200183 1.079769 -0.906034 0.513030
200184 0.995121 -0.835006 0.750000
200185 0.812513 -0.681779 1.060660
200186 0.574533 -0.482091 1.299038
200187 0.297400 -0.249549 1.448889
200188 -0.297400 0.249549 1.448889
200189 -0.574533 0.482091 1.299038
200190 -0.812513 0.681779 1.060660
200191 -0.995121 0.835006 0.750000
200192 -1.079769 0.906034 0.513030
200193 -1.131610 0.949533 0.260472
200194 -1.149067 0.964181 0.000000
200195 -1.131610 0.949533 -0.260472
200196 -1.079769 0.906034 -0.513030
200197 -0.995121 0.835006 -0.750000
200198 -0.812513 0.681779 -1.060660
200199 0.750000 -0.750000 -1.060660
200200 0.918559 -0.918559 -0.750000
200201 0.996695 -0.996695 -0.513030
200202 1.044546 -1.044546 -0.260472
200203 1.060660 -1.060660 0.000000
200204 1.044546 -1.044546 0.260472
200205 0.996695 -0.996695 0.513030
200206 0.918559 -0.918559 0.750000
200207 0.750000 -0.750000 1.060660
200208 0.530330 -0.530330 1.299038
200209 0.274519 -0.274519 1.448889
200210 -0.274519 0.274519 1.448889
200211 -0.530330 0.530330 1.299038
200212 -0.750000 0.750000 1.060660
200213 -0.918559 0.918559 0.750000
200214 -0.996695 0.996695 0.513030
200215 -1.044546 1.044546 0.260472
200216 -1.060660 1.060660 0.000000
200217 -1.044546 1.044546 -0.260472
200218 -0.996695 0.996695 -0.513030
200219 -0.918559 0.918559 -0.750000
200220 -0.750000 0.750000 -1.060660
200221 0.681779 -0.812513 -1.060660
200222 0.835006 -0.995121 -0.750000
200223 0.906034 -1.079769 -0.513030
200224 0.949533 -1.131610 -0.260472
200225 0.964181 -1.149067 0.000000
200226 0.949533 -1.131610 0.260472
200227 0.906034 -1.079769 0.513030
200228 0.835006 -0.995121 0.750000
200229 0.681779 -0.812513 1.060660
200230 0.482091 -0.574533 1.299038
200231 0.249549 -0.297400 1.448889
200232 -0.249549 0.297400 1.448889
200233 -0.482091 0.574533 1.299038
200234 -0.681779 0.812513 1.060660
200235 -0.835006 0.995121 0.750000
200236 -0.906034 1.079769 0.513030
200237 -0.949533 1.131610 0.260472
200238 -0.964181 1.149067 0.000000
200239 -0.949533 1.131610 -0.260472
200240 -0.906034 1.079769 -0.513030
200241 -0.835006 0.995121 -0.750000
200242 -0.681779 0.812513 -1.060660
200243 0.608370 -0.868842 -1.060660
200244 0.745098 -1.064110 -0.750000
200245 0.808478 -1.154627 -0.513030
200246 0.847294 -1.210061 -0.260472
200247 0.860365 -1.228728 0.000000
200248 0.847294 -1.210061 0.260472
200249 0.808478 -1.154627 0.513030
200250 0.745098 -1.064110 0.750000
200251 0.608370 -0.868842 1.060660
200252 0.430182 -0.614364 1.299038
200253 0.222679 -0.318018 1.448889
200254 -0.222679 0.318018 1.448889
200255 -0.430182 0.614364 1.299038
200256 -0.608370 0.868842 1.060660
200257 -0.745098 1.064110 0.750000
200258 -0.808478 1.154627 0.513030
200259 -0.847294 1.210061 0.260472
200260 -0.860365 1.228728 0.000000
200261 -0.847294 1.210061 -0.260472
200262 -0.808478 1.154627 -0.513030
200263 -0.745098 1.064110 -0.750000
200264 -0.608370 0.868842 -1.060660
200265 0.530330 -0.918559 -1.060660
200266 0.649519 -1.125000 -0.750000
200267 0.704769 -1.220697 -0.513030
200268 0.738606 -1.279303 -0.260472
200269 0.750000 -1.299038 0.000000
200270 0.738606 -1.279303 0.260472
200271 0.704769 -1.220697 0.513030
200272 0.649519 -1.125000 0.750000
200273 0.530330 -0.918559 1.060660
200274 0.375000 -0.649519 1.299038
200275 0.194114 -0.336216 1.448889
200276 -0.194114 0.336216 1.448889
200277 -0.375000 0.649519 1.299038
200278 -0.530330 0.918559 1.060660
200279 -0.649519 1.125000 0.750000
200280 -0.704769 1.220697 0.513030
200281 -0.738606 1.279303 0.260472
200282 -0.750000 1.299038 0.000000
200283 -0.738606 1.279303 -0.260472
200284 -0.704769 1.220697 -0.513030
200285 -0.649519 1.125000 -0.750000
200286 -0.530330 0.918559 -1.060660
200287 0.448254 -0.961285 -1.060660
200288 0.548997 -1.177328 -0.750000
200289 0.595697 -1.277476 -0.513030
200290 0.624297 -1.338808 -0.260472
200291 0.633927 -1.359462 0.000000
200292 0.624297 -1.338808 0.260472
200293 0.595697 -1.277476 0.513030
200294 0.548997 -1.177328 0.750000
200295 0.448254 -0.961285 1.060660
200296 0.316964 -0.679731 1.299038
200297 0.164072 -0.351855 1.448889
200298 -0.164072 0.351855 1.448889
200299 -0.316964 0.679731 1.299038
200300 -0.448254 0.961285 1.060660
200301 -0.548997 1.177328 0.750000
200302 -0.595697 1.277476 0.513030
200303 -0.624297 1.338808 0.260472
200304 -0.633927 1.359462 0.000000
200305 -0.624297 1.338808 -0.260472
200306 -0.595697 1.277476 -0.513030
200307 -0.548997 1.177328 -0.750000
200308 -0.448254 0.961285 -1.060660
200309 0.362767 -0.996695 -1.060660
200310 0.444297 -1.220697 -0.750000
200311 0.482091 -1.324533 -0.513030
200312 0.505236 -1.388125 -0.260472
200313 0.513030 -1.409539 0.000000
200314 0.505236 -1.388125 0.260472
200315 0.482091 -1.324533 0.513030
200316 0.444297 -1.220697 0.750000
200317 0.362767 -0.996695 1.060660
200318 0.256515 -0.704769 1.299038
200319 0.132782 -0.364816 1.448889
200320 -0.132782 0.364816 1.448889
200321 -0.256515 0.704769 1.299038
200322 -0.362767 0.996695 1.060660
200323 -0.444297 1.220697 0.750000
200324 -0.482091 1.324533 0.513030
200325 -0.505236 1.388125 0.260472
200326 -0.513030 1.409539 0.000000
200327 -0.505236 1.388125 -0.260472
200328 -0.482091 1.324533 -0.513030
200329 -0.444297 1.220697 -0.750000
200330 -0.362767 0.996695 -1.060660
200331 0.274519 -1.024519 -1.060660
200332 0.336216 -1.254774 -0.750000
200333 0.364816 -1.361510 -0.513030
200334 0.382331 -1.426877 -0.260472
200335 0.388229 -1.448889 0.000000
200336 0.382331 -1.426877 0.260472
200337 0.364816 -1.361510 0.513030
200338 0.336216 -1.254774 0.750000
200339 0.274519 -1.024519 1.060660
200340 0.194114 -0.724444 1.299038
200341 0.100481 -0.375000 1.448889
200342 -0.100481 0.375000 1.448889
200343 -0.194114 0.724444 1.299038
200344 -0.274519 1.024519 1.060660
200345 -0.336216 1.254774 0.750000
200346 -0.364816 1.361510 0.513030
200347 -0.382331 1.426877 0.260472
200348 -0.388229 1.448889 0.000000
200349 -0.382331 1.426877 -0.260472
200350 -0.364816 1.361510 -0.513030
200351 -0.336216 1.254774 -0.750000
200352 -0.274519 1.024519 -1.060660
200353 0.184182 -1.044546 -1.060660
200354 0.225576 -1.279303 -0.750000
200355 0.244764 -1.388125 -0.513030
200356 0.256515 -1.454769 -0.260472
200357 0.260472 -1.477212 0.000000
200358 0.256515 -1.454769 0.260472
200359 0.244764 -1.388125 0.513030
200360 0.225576 -1.279303 0.750000
200361 0.184182 -1.044546 1.060660
200362 0.130236 -0.738606 1.299038
200363 0.067415 -0.382331 1.448889
200364 -0.067415 0.382331 1.448889
200365 -0.130236 0.738606 1.299038
200366 -0.184182 1.044546 1.060660
200367 -0.225576 1.279303 0.750000
200368 -0.244764 1.388125 0.513030
200369 -0.256515 1.454769 0.260472
200370 -0.260472 1.477212 0.000000
200371 -0.256515 1.454769 -0.260472
200372 -0.244764 1.388125 -0.513030
200373 -0.225576 1.279303 -0.750000
200374 -0.184182 1.044546 -1.060660
200375 0.092443 -1.056624 -1.060660
200376 0.113219 -1.294095 -0.750000
200377 0.122849 -1.404175 -0.513030
200378 0.128747 -1.471590 -0.260472
200379 0.130734 -1.494292 0.000000
200380 0.128747 -1.471590 0.260472
200381 0.122849 -1.404175 0.513030
200382 0.113219 -1.294095 0.750000
200383 0.092443 -1.056624 1.060660
200384 0.065367 -0.747146 1.299038
200385 0.033836 -0.386751 1.448889
200386 -0.033836 0.386751 1.448889
200387 -0.065367 0.747146 1.299038
200388 -0.092443 1.056624 1.060660
200389 -0.113219 1.294095 0.750000
200390 -0.122849 1.404175 0.513030
200391 -0.128747 1.471590 0.260472
200392 -0.130734 1.494292 0.000000
200393 -0.128747 1.471590 -0.260472
200394 -0.122849 1.404175 -0.513030
200395 -0.113219 1.294095 -0.750000
200396 -0.092443 1.056624 -1.060660
200397 -0.000000 -1.060660 -1.060660
200398 -0.000000 -1.299038 -0.750000
200399 -0.000000 -1.409539 -0.513030
200400 -0.000000 -1.477212 -0.260472
200401 -0.000000 -1.500000 0.000000
200402 -0.000000 -1.477212 0.260472
200403 -0.000000 -1.409539 0.513030
200404 -0.000000 -1.299038 0.750000
200405 -0.000000 -1.060660 1.060660
200406 -0.000000 -0.750000 1.299038
200407 -0.000000 -0.388229 1.448889
200408 0.000000 0.388229 1.448889
200409 0.000000 0.750000 1.299038
200410 0.000000 1.060660 1.060660
200411 0.000000 1.299038 0.750000
200412 0.000000 1.409539 0.513030
200413 0.000000 1.477212 0.260472
200414 0.000000 1.500000 0.000000
200415 0.000000 1.477212 -0.260472
200416 0.000000 1.409539 -0.513030
200417 0.000000 1.299038 -0.750000
200418 0.000000 1.060660 -1.060660
200419 -0.092443 -1.056624 -1.060660
200420 -0.113219 -1.294095 -0.750000
200421 -0.122849 -1.404175 -0.513030
200422 -0.128747 -1.471590 -0.260472
200423 -0.130734 -1.494292 0.000000
200424 -0.128747 -1.471590 0.260472
200425 -0.122849 -1.404175 0.513030
200426 -0.113219 -1.294095 0.750000
200427 -0.092443 -1.056624 1.060660
200428 -0.065367 -0.747146 1.299038
200429 -0.033836 -0.386751 1.448889
200430 0.033836 0.386751 1.448889
200431 0.065367 0.747146 1.299038
200432 0.092443 1.056624 1.060660
200433 0.113219 1.294095 0.750000
200434 0.122849 1.404175 0.513030
200435 0.128747 1.471590 0.260472
200436 0.130734 1.494292 0.000000
200437 0.128747 1.471590 -0.260472
200438 0.122849 1.404175 -0.513030
200439 0.113219 1.294095 -0.750000
200440 0.092443 1.056624 -1.060660
200441 -0.184182 -1.044546 -1.060660
200442 -0.225576 -1.279303 -0.750000
200443 -0.244764 -1.388125 -0.513030
200444 -0.256515 -1.454769 -0.260472
200445 -0.260472 -1.477212 0.000000
200446 -0.256515 -1.454769 0.260472
200447 -0.244764 -1.388125 0.513030
200448 -0.225576 -1.279303 0.750000
200449 -0.184182 -1.044546 1.060660
200450 -0.130236 -0.738606 1.299038
200451 -0.067415 -0.382331 1.448889
200452 0.067415 0.382331 1.448889
200453 0.130236 0.738606 1.299038
200454 0.184182 1.044546 1.060660
200455 0.225576 1.279303 0.750000
200456 0.244764 1.388125 0.513030
200457 0.256515 1.454769 0.260472
200458 0.260472 1.477212 0.000000
200459 0.256515 1.454769 -0.260472
200460 0.244764 1.388125 -0.513030
200461 0.225576 1.279303 -0.750000
200462 0.184182 1.044546 -1.060660
200463 -0.274519 -1.024519 -1.060660
200464 -0.336216 -1.254774 -0.750000
200465 -0.364816 -1.361510 -0.513030
200466 -0.382331 -1.426877 -0.260472
200467 -0.388229 -1.448889 0.000000
200468 -0.382331 -1.426877 0.260472
200469 -0.364816 -1.361510 0.513030
200470 -0.336216 -1.254774 0.750000
200471 -0.274519 -1.024519 1.060660
200472 -0.194114 -0.724444 1.299038
200473 -0.100481 -0.375000 1.448889
200474 0.100481 0.375000 1.448889
200475 0.194114 0.724444 1.299038
200476 0.274519 1.024519 1.060660
200477 0.336216 1.254774 0.750000
200478 0.364816 1.361510 0.513030
200479 0.382331 1.426877 0.260472
200480 0.388229 1.448889 0.000000
200481 0.382331 1.426877 -0.260472
200482 0.364816 1.361510 -0.513030
200483 0.336216 1.254774 -0.750000
200484 0.274519 1.024519 -1.060660
200485 -0.362767 -0.996695 -1.060660
200486 -0.444297 -1.220697 -0.750000
200487 -0.482091 -1.324533 -0.513030
200488 -0.505236 -1.388125 -0.260472
200489 -0.513030 -1.409539 0.000000
200490 -0.505236 -1.388125 0.260472
200491 -0.482091 -1.324533 0.513030
200492 -0.444297 -1.220697 0.750000
200493 -0.362767 -0.996695 1.060660
200494 -0.256515 -0.704769 1.299038
200495 -0.132782 -0.364816 1.448889
200496 0.132782 0.364816 1.448889
200497 0.256515 0.704769 1.299038
200498 0.362767 0.996695 1.060660
200499 0.444297 1.220697 0.750000
200500 0.482091 1.324533 0.513030
200501 0.505236 1.388125 0.260472
200502 0.513030 1.409539 0.000000
200503 0.505236 1.388125 -0.260472
200504 0.482091 1.324533 -0.513030
200505 0.444297 1.220697 -0.750000
200506 0.362767 0.996695 -1.060660
200507 -0.448254 -0.961285 -1.060660
200508 -0.548997 -1.177328 -0.750000
200509 -0.595697 -1.277476 -0.513030
200510 -0.624297 -1.338808 -0.260472
200511 -0.633927 -1.359462 0.000000
200512 -0.624297 -1.338808 0.260472
200513 -0.595697 -1.277476 0.513030
200514 -0.548997 -1.177328 0.750000
200515 -0.448254 -0.961285 1.060660
200516 -0.316964 -0.679731 1.299038
200517 -0.164072 -0.351855 1.448889
200518 0.164072 0.351855 1.448889
200519 0.316964 0.679731 1.299038
200520 0.448254 0.961285 1.060660
200521 0.548997 1.177328 0.750000
200522 0.595697 1.277476 0.513030
200523 0.624297 1.338808 0.260472
200524 0.633927 1.359462 0.000000
200525 0.624297 1.338808 -0.260472
200526 0.595697 1.277476 -0.513030
200527 0.548997 1.177328 -0.750000
200528 0.448254 0.961285 -1.060660
200529 -0.530330 -0.918559 -1.060660
200530 -0.649519 -1.125000 -0.750000
200531 -0.704769 -1.220697 -0.513030
200532 -0.738606 -1.279303 -0.260472
200533 -0.750000 -1.299038 0.000000
200534 -0.738606 -1.279303 0.260472
200535 -0.704769 -1.220697 0.513030
200536 -0.649519 -1.125000 0.750000
200537 -0.530330 -0.918559 1.060660
200538 -0.375000 -0.649519 1.299038
200539 -0.194114 -0.336216 1.448889
200540 0.194114 0.336216 1.448889
200541 0.375000 0.649519 1.299038
200542 0.530330 0.918559 1.060660
200543 0.649519 1.125000 0.750000
200544 0.704769 1.220697 0.513030
200545 0.738606 1.279303 0.260472
200546 0.750000 1.299038 0.000000
200547 0.738606 1.279303 -0.260472
200548 0.704769 1.220697 -0.513030
200549 0.649519 1.125000 -0.750000
200550 0.530330 0.918559 -1.060660
200551 -0.608370 -0.868842 -1.060660
200552 -0.745098 -1.064110 -0.750000
200553 -0.808478 -1.154627 -0.513030
200554 -0.847294 -1.210061 -0.260472
200555 -0.860365 -1.228728 0.000000
200556 -0.847294 -1.210061 0.260472
200557 -0.808478 -1.154627 0.513030
200558 -0.745098 -1.064110 0.750000
200559 -0.608370 -0.868842 1.060660
200560 -0.430182 -0.614364 1.299038
200561 -0.222679 -0.318018 1.448889
200562 0.222679 0.318018 1.448889
200563 0.430182 0.614364 1.299038
200564 0.608370 0.868842 1.060660
200565 0.745098 1.064110 0.750000
200566 0.808478 1.154627 0.513030
200567 0.847294 1.210061 0.260472
200568 0.860365 1.228728 0.000000
200569 0.847294 1.210061 -0.260472
200570 0.808478 1.154627 -0.513030
200571 0.745098 1.064110 -0.750000
200572 0.608370 0.868842 -1.060660
200573 -0.681779 -0.812513 -1.060660
200574 -0.835006 -0.995121 -0.750000
200575 -0.906034 -1.079769 -0.513030
200576 -0.949533 -1.131610 -0.260472
200577 -0.964181 -1.149067 0.000000
200578 -0.949533 -1.131610 0.260472
200579 -0.906034 -1.079769 0.513030
200580 -0.835006 -0.995121 0.750000
200581 -0.681779 -0.812513 1.060660
200582 -0.482091 -0.574533 1.299038
200583 -0.249549 -0.297400 1.448889
200584 0.249549 0.297400 1.448889
200585 0.482091 0.574533 1.299038
200586 0.681779 0.812513 1.060660
200587 0.835006 0.995121 0.750000
200588 0.906034 1.079769 0.513030
200589 0.949533 1.131610 0.260472
200590 0.964181 1.149067 0.000000
200591 0.949533 1.131610 -0.260472
200592 0.906034 1.079769 -0.513030
200593 0.835006 0.995121 -0.750000
200594 0.681779 0.812513 -1.060660
200595 -0.750000 -0.750000 -1.060660
200596 -0.918559 -0.918559 -0.750000
200597 -0.996695 -0.996695 -0.513030
200598 -1.044546 -1.044546 -0.260472
200599 -1.060660 -1.060660 0.000000
200600 -1.044546 -1.044546 0.260472
200601 -0.996695 -0.996695 0.513030
200602 -0.918559 -0.918559 0.750000
200603 -0.750000 -0.750000 1.060660
200604 -0.530330 -0.530330 1.299038
200605 -0.274519 -0.274519 1.448889
200606 0.274519 0.274519 1.448889
200607 0.530330 0.530330 1.299038
200608 0.750000 0.750000 1.060660
200609 0.918559 0.918559 0.750000
200610 0.996695 0.996695 0.513030
200611 1.044546 1.044546 0.260472
200612 1.060660 1.060660 0.000000
200613 1.044546 1.044546 -0.260472
200614 0.996695 0.996695 -0.513030
200615 0.918559 0.918559 -0.750000
200616 0.750000 0.750000 -1.060660
200617 -0.812513 -0.681779 -1.060660
200618 -0.995121 -0.835006 -0.750000
200619 -1.079769 -0.906034 -0.513030
200620 -1.131610 -0.949533 -0.260472
200621 -1.149067 -0.964181 0.000000
200622 -1.131610 -0.949533 0.260472
200623 -1.079769 -0.906034 0.513030
200624 -0.995121 -0.835006 0.750000
200625 -0.812513 -0.681779 1.060660
200626 -0.574533 -0.482091 1.299038
200627 -0.297400 -0.249549 1.448889
200628 0.297400 0.249549 1.448889
200629 0.574533 0.482091 1.299038
200630 0.812513 0.681779 1.060660
200631 0.995121 0.835006 0.750000
200632 1.079769 0.906034 0.513030
200633 1.131610 0.949533 0.260472
200634 1.149067 0.964181 0.000000
200635 1.131610 0.949533 -0.260472
200636 1.079769 0.906034 -0.513030
200637 0.995121 0.835006 -0.750000
200638 0.812513 0.681779 -1.060660
200639 -0.868842 -0.608370 -1.060660
200640 -1.064110 -0.745098 -0.750000
200641 -1.154627 -0.808478 -0.513030
200642 -1.210061 -0.847294 -0.260472
200643 -1.228728 -0.860365 0.000000
200644 -1.210061 -0.847294 0.260472
200645 -1.154627 -0.808478 0.513030
200646 -1.064110 -0.745098 0.750000
200647 -0.868842 -0.608370 1.060660
200648 -0.614364 -0.430182 1.299038
200649 -0.318018 -0.222679 1.448889
200650 0.318018 0.222679 1.448889
200651 0.614364 0.430182 1.299038
200652 0.868842 0.608370 1.060660
200653 1.064110 0.745098 0.750000
200654 1.154627 0.808478 0.513030
200655 1.210061 0.847294 0.260472
200656 1.228728 0.860365 0.000000
200657 1.210061 0.847294 -0.260472
200658 1.154627 0.808478 -0.513030
200659 1.064110 0.745098 -0.750000
200660 0.868842 0.608370 -1.060660
200661 -0.918559 -0.530330 -1.060660
200662 -1.125000 -0.649519 -0.750000
200663 -1.220697 -0.704769 -0.513030
200664 -1.279303 -0.738606 -0.260472
200665 -1.299038 -0.750000 0.000000
200666 -1.279303 -0.738606 0.260472
200667 -1.220697 -0.704769 0.513030
200668 -1.125000 -0.649519 0.750000
200669 -0.918559 -0.530330 1.060660
200670 -0.649519 -0.375000 1.299038
200671 -0.336216 -0.194114 1.448889
200672 0.336216 0.194114 1.448889
200673 0.649519 0.375000 1.299038
200674 0.918559 0.530330 1.060660
200675 1.125000 0.649519 0.750000
200676 1.220697 0.704769 0.513030
200677 1.279303 0.738606 0.260472
200678 1.299038 0.750000 0.000000
200679 1.279303 0.738606 -0.260472
200680 1.220697 0.704769 -0.513030
200681 1.125000 0.649519 -0.750000
200682 0.918559 0.530330 -1.060660
200683 -0.961285 -0.448254 -1.060660
200684 -1.177328 -0.548997 -0.750000
200685 -1.277476 -0.595697 -0.513030
200686 -1.338808 -0.624297 -0.260472
200687 -1.359462 -0.633927 0.000000
200688 -1.338808 -0.624297 0.260472
200689 -1.277476 -0.595697 0.513030
200690 -1.177328 -0.548997 0.750000
200691 -0.961285 -0.448254 1.060660
200692 -0.679731 -0.316964 1.299038
200693 -0.351855 -0.164072 1.448889
200694 0.351855 0.164072 1.448889
200695 0.679731 0.316964 1.299038
200696 0.961285 0.448254 1.060660
200697 1.177328 0.548997 0.750000
200698 1.277476 0.595697 0.513030
200699 1.338808 0.624297 0.260472
200700 1.359462 0.633927 0.000000
200701 1.338808 0.624297 -0.260472
200702 1.277476 0.595697 -0.513030
200703 1.177328 0.548997 -0.750000
200704 0.961285 0.448254 -1.060660
200705 -0.996695 -0.362767 -1.060660
200706 -1.220697 -0.444297 -0.750000
200707 -1.324533 -0.482091 -0.513030
200708 -1.388125 -0.505236 -0.260472
200709 -1.409539 -0.513030 0.000000
200710 -1.388125 -0.505236 0.260472
200711 -1.324533 -0.482091 0.513030
200712 -1.220697 -0.444297 0.750000
200713 -0.996695 -0.362767 1.060660
200714 -0.704769 -0.256515 1.299038
200715 -0.364816 -0.132782 1.448889
200716 0.364816 0.132782 1.448889
200717 0.704769 0.256515 1.299038
200718 0.996695 0.362767 1.060660
200719 1.220697 0.444297 0.750000
200720 1.324533 0.482091 0.513030
200721 1.388125 0.505236 0.260472
200722 1.409539 0.513030 0.000000
200723 1.388125 0.505236 -0.260472
200724 1.324533 0.482091 -0.513030
200725 1.220697 0.444297 -0.750000
200726 0.996695 0.362767 -1.060660
200727 -1.024519 -0.274519 -1.060660
200728 -1.254774 -0.336216 -0.750000
200729 -1.361510 -0.364816 -0.513030
200730 -1.426877 -0.382331 -0.260472
200731 -1.448889 -0.388229 0.000000
200732 -1.426877 -0.382331 0.260472
200733 -1.361510 -0.364816 0.513030
200734 -1.254774 -0.336216 0.750000
200735 -1.024519 -0.274519 1.060660
200736 -0.724444 -0.194114 1.299038
200737 -0.375000 -0.100481 1.448889
200738 0.375000 0.100481 1.448889
200739 0.724444 0.194114 1.299038
200740 1.024519 0.274519 1.060660
200741 1.254774 0.336216 0.750000
200742 1.361510 0.364816 0.513030
200743 1.426877 0.382331 0.260472
200744 1.448889 0.388229 0.000000
200745 1.426877 0.382331 -0.260472
200746 1.361510 0.364816 -0.513030
200747 1.254774 0.336216 -0.750000
200748 1.024519 0.274519 -1.060660
200749 -1.044546 -0.184182 -1.060660
200750 -1.279303 -0.225576 -0.750000
200751 -1.388125 -0.244764 -0.513030
200752 -1.454769 -0.256515 -0.260472
200753 -1.477212 -0.260472 0.000000
200754 -1.454769 -0.256515 0.260472
200755 -1.388125 -0.244764 0.513030
200756 -1.279303 -0.225576 0.750000
200757 -1.044546 -0.184182 1.060660
200758 -0.738606 -0.130236 1.299038
200759 -0.382331 -0.067415 1.448889
200760 0.382331 0.067415 1.448889
200761 0.738606 0.130236 1.299038
200762 1.044546 0.184182 1.060660
200763 1.279303 0.225576 0.750000
200764 1.388125 0.244764 0.513030
200765 1.454769 0.256515 0.260472
200766 1.477212 0.260472 0.000000
200767 1.454769 0.256515 -0.260472
200768 1.388125 0.244764 -0.513030
200769 1.279303 0.225576 -0.750000
200770 1.044546 0.184182 -1.060660
200771 -1.056624 -0.092443 -1.060660
200772 -1.294095 -0.113219 -0.750000
200773 -1.404175 -0.122849 -0.513030
200774 -1.471590 -0.128747 -0.260472
200775 -1.494292 -0.130734 0.000000
200776 -1.471590 -0.128747 0.260472
200777 -1.404175 -0.122849 0.513030
200778 -1.294095 -0.113219 0.750000
200779 -1.056624 -0.092443 1.060660
200780 -0.747146 -0.065367 1.299038
200781 -0.386751 -0.033836 1.448889
200782 0.386751 0.033836 1.448889
200783 0.747146 0.065367 1.299038
200784 1.056624 0.092443 1.060660
200785 1.294095 0.113219 0.750000
200786 1.404175 0.122849 0.513030
200787 1.471590 0.128747 0.260472
200788 1.494292 0.130734 0.000000
200789 1.471590 0.128747 -0.260472
200790 1.404175 0.122849 -0.513030
200791 1.294095 0.113219 -0.750000
200792 1.056624 0.092443 -1.060660
