876
200000 200000 200064 200075 2 0 1
200001 200000 200075 200432 2 0 1
200002 200000 200285 200307 2 0 1
200003 200000 200290 200285 2 0 1
200004 200000 200307 200064 2 0 1
200005 200000 200432 200290 2 0 1
200006 200001 200094 200116 2 0 1
200007 200001 200116 200326 2 0 1
200008 200001 200121 200094 2 0 1
200009 200001 200321 200343 2 0 1
200010 200001 200326 200321 2 0 1
200011 200001 200343 200121 2 0 1
200012 200002 200100 200127 2 0 1
200013 200002 200122 200100 2 0 1
200014 200002 200127 200337 2 0 1
200015 200002 200315 200342 2 0 1
200016 200002 200337 200315 2 0 1
200017 200002 200342 200122 2 0 1
200018 200003 200106 200128 2 0 1
200019 200003 200128 200336 2 0 1
200020 200003 200151 200331 2 0 1
200021 200003 200156 200151 2 0 1
200022 200003 200331 200106 2 0 1
200023 200003 200336 200156 2 0 1
200024 200004 200112 200325 2 0 1
200025 200004 200145 200150 2 0 1
200026 200004 200150 200330 2 0 1
200027 200004 200325 200145 2 0 1
200028 200004 200330 200112 2 0 1
200029 200005 200096 200118 2 0 1
200030 200005 200118 200324 2 0 1
200031 200005 200139 200319 2 0 1
200032 200005 200144 200366 2 0 1
200033 200005 200319 200096 2 0 1
200034 200005 200324 200144 2 0 1
200035 200005 200366 200139 2 0 1
200036 200006 200102 200360 2 0 1
200037 200006 200124 200102 2 0 1
200038 200006 200196 200304 2 0 1
200039 200006 200304 200124 2 0 1
200040 200006 200360 200371 2 0 1
200041 200006 200371 200196 2 0 1
200042 200007 200018 200374 2 0 1
200043 200007 200130 200152 2 0 1
200044 200007 200152 200018 2 0 1
200045 200007 200157 200130 2 0 1
200046 200007 200177 200199 2 0 1
200047 200007 200199 200351 2 0 1
200048 200007 200351 200157 2 0 1
200049 200007 200374 200177 2 0 1
200050 200008 200019 200179 2 0 1
200051 200008 200150 200019 2 0 1
200052 200008 200155 200150 2 0 1
200053 200008 200179 200201 2 0 1
200054 200008 200201 200155 2 0 1
200055 200009 200020 200148 2 0 1
200056 200009 200148 200153 2 0 1
200057 200009 200153 200347 2 0 1
200058 200009 200181 200020 2 0 1
200059 200009 200347 200181 2 0 1
200060 200010 200021 200146 2 0 1
200061 200010 200146 200151 2 0 1
200062 200010 200151 200356 2 0 1
200063 200010 200183 200368 2 0 1
200064 200010 200356 200183 2 0 1
200065 200010 200368 200021 2 0 1
200066 200011 200113 200185 2 0 1
200067 200011 200144 200113 2 0 1
200068 200011 200185 200387 2 0 1
200069 200011 200190 200366 2 0 1
200070 200011 200216 200190 2 0 1
200071 200011 200366 200144 2 0 1
200072 200011 200387 200216 2 0 1
200073 200012 200142 200164 2 0 1
200074 200012 200147 200142 2 0 1
200075 200012 200164 200375 2 0 1
200076 200012 200187 200352 2 0 1
200077 200012 200352 200147 2 0 1
200078 200012 200375 200187 2 0 1
200079 200013 200140 200162 2 0 1
200080 200013 200145 200140 2 0 1
200081 200013 200162 200373 2 0 1
200082 200013 200167 200189 2 0 1
200083 200013 200189 200350 2 0 1
200084 200013 200350 200145 2 0 1
200085 200013 200373 200167 2 0 1
200086 200014 200138 200169 2 0 1
200087 200014 200160 200340 2 0 1
200088 200014 200169 200210 2 0 1
200089 200014 200210 200396 2 0 1
200090 200014 200318 200138 2 0 1
200091 200014 200340 200318 2 0 1
200092 200014 200396 200160 2 0 1
200093 200015 200136 200163 2 0 1
200094 200015 200158 200136 2 0 1
200095 200015 200163 200346 2 0 1
200096 200015 200171 200369 2 0 1
200097 200015 200193 200171 2 0 1
200098 200015 200346 200193 2 0 1
200099 200015 200369 200158 2 0 1
200100 200016 200134 200161 2 0 1
200101 200016 200156 200134 2 0 1
200102 200016 200161 200195 2 0 1
200103 200016 200173 200200 2 0 1
200104 200016 200195 200173 2 0 1
200105 200016 200200 200367 2 0 1
200106 200016 200367 200156 2 0 1
200107 200017 200132 200154 2 0 1
200108 200017 200154 200365 2 0 1
200109 200017 200175 200132 2 0 1
200110 200017 200365 200392 2 0 1
200111 200017 200392 200175 2 0 1
200112 200018 200147 200363 2 0 1
200113 200018 200152 200147 2 0 1
200114 200018 200363 200374 2 0 1
200115 200019 200150 200361 2 0 1
200116 200019 200184 200179 2 0 1
200117 200019 200361 200372 2 0 1
200118 200019 200372 200184 2 0 1
200119 200020 200181 200186 2 0 1
200120 200020 200186 200370 2 0 1
200121 200020 200359 200148 2 0 1
200122 200020 200370 200359 2 0 1
200123 200021 200357 200439 2 0 1
200124 200021 200368 200357 2 0 1
200125 200021 200439 200146 2 0 1
200126 200022 200033 200385 2 0 1
200127 200022 200166 200033 2 0 1
200128 200022 200193 200166 2 0 1
200129 200022 200385 200398 2 0 1
200130 200022 200398 200193 2 0 1
200131 200023 200034 200211 2 0 1
200132 200023 200168 200190 2 0 1
200133 200023 200190 200034 2 0 1
200134 200023 200211 200382 2 0 1
200135 200023 200382 200168 2 0 1
200136 200024 200035 200192 2 0 1
200137 200024 200170 200197 2 0 1
200138 200024 200192 200170 2 0 1
200139 200024 200197 200379 2 0 1
200140 200024 200379 200397 2 0 1
200141 200024 200397 200035 2 0 1
200142 200025 200036 200172 2 0 1
200143 200025 200172 200199 2 0 1
200144 200025 200199 200394 2 0 1
200145 200025 200207 200381 2 0 1
200146 200025 200381 200036 2 0 1
200147 200025 200394 200207 2 0 1
200148 200026 200037 200360 2 0 1
200149 200026 200174 200378 2 0 1
200150 200026 200205 200404 2 0 1
200151 200026 200360 200174 2 0 1
200152 200026 200378 200205 2 0 1
200153 200026 200404 200037 2 0 1
200154 200027 200038 200393 2 0 1
200155 200027 200176 200038 2 0 1
200156 200027 200181 200176 2 0 1
200157 200027 200388 200181 2 0 1
200158 200027 200393 200388 2 0 1
200159 200028 200039 200377 2 0 1
200160 200028 200178 200039 2 0 1
200161 200028 200223 200390 2 0 1
200162 200028 200377 200223 2 0 1
200163 200028 200390 200178 2 0 1
200164 200029 200180 200221 2 0 1
200165 200029 200221 200407 2 0 1
200166 200029 200226 200392 2 0 1
200167 200029 200392 200180 2 0 1
200168 200029 200407 200226 2 0 1
200169 200030 200177 200182 2 0 1
200170 200030 200182 200187 2 0 1
200171 200030 200187 200384 2 0 1
200172 200030 200376 200177 2 0 1
200173 200030 200384 200389 2 0 1
200174 200030 200389 200376 2 0 1
200175 200031 200179 200184 2 0 1
200176 200031 200184 200386 2 0 1
200177 200031 200217 200222 2 0 1
200178 200031 200222 200391 2 0 1
200179 200031 200386 200217 2 0 1
200180 200031 200391 200179 2 0 1
200181 200032 200186 200388 2 0 1
200182 200032 200191 200186 2 0 1
200183 200032 200215 200383 2 0 1
200184 200032 200220 200215 2 0 1
200185 200032 200383 200191 2 0 1
200186 200032 200388 200220 2 0 1
200187 200033 200166 200188 2 0 1
200188 200033 200183 200390 2 0 1
200189 200033 200188 200183 2 0 1
200190 200033 200390 200385 2 0 1
200191 200034 200190 200216 2 0 1
200192 200034 200216 200412 2 0 1
200193 200034 200412 200211 2 0 1
200194 200035 200236 200384 2 0 1
200195 200035 200384 200192 2 0 1
200196 200035 200397 200236 2 0 1
200197 200036 200167 200194 2 0 1
200198 200036 200194 200172 2 0 1
200199 200036 200381 200399 2 0 1
200200 200036 200399 200167 2 0 1
200201 200037 200196 200360 2 0 1
200202 200037 200404 200415 2 0 1
200203 200037 200415 200196 2 0 1
200204 200038 200171 200380 2 0 1
200205 200038 200176 200198 2 0 1
200206 200038 200198 200171 2 0 1
200207 200038 200230 200393 2 0 1
200208 200038 200380 200230 2 0 1
200209 200039 200173 200395 2 0 1
200210 200039 200178 200200 2 0 1
200211 200039 200200 200173 2 0 1
200212 200039 200395 200377 2 0 1
200213 200040 200053 200408 2 0 1
200214 200040 200058 200202 2 0 1
200215 200040 200202 200224 2 0 1
200216 200040 200224 200053 2 0 1
200217 200040 200249 200271 2 0 1
200218 200040 200271 200058 2 0 1
200219 200040 200408 200249 2 0 1
200220 200041 200059 200417 2 0 1
200221 200041 200206 200059 2 0 1
200222 200041 200223 200228 2 0 1
200223 200041 200228 200206 2 0 1
200224 200041 200406 200223 2 0 1
200225 200041 200417 200406 2 0 1
200226 200042 200067 200246 2 0 1
200227 200042 200205 200227 2 0 1
200228 200042 200227 200273 2 0 1
200229 200042 200246 200404 2 0 1
200230 200042 200273 200067 2 0 1
200231 200042 200404 200205 2 0 1
200232 200043 200056 200247 2 0 1
200233 200043 200061 200231 2 0 1
200234 200043 200204 200056 2 0 1
200235 200043 200231 200204 2 0 1
200236 200043 200247 200269 2 0 1
200237 200043 200269 200402 2 0 1
200238 200043 200402 200061 2 0 1
200239 200044 200062 200243 2 0 1
200240 200044 200208 200235 2 0 1
200241 200044 200230 200208 2 0 1
200242 200044 200235 200062 2 0 1
200243 200044 200243 200416 2 0 1
200244 200044 200416 200230 2 0 1
200245 200045 200063 200212 2 0 1
200246 200045 200207 200403 2 0 1
200247 200045 200212 200234 2 0 1
200248 200045 200234 200207 2 0 1
200249 200045 200403 200414 2 0 1
200250 200045 200414 200063 2 0 1
200251 200046 200059 200233 2 0 1
200252 200046 200211 200401 2 0 1
200253 200046 200233 200211 2 0 1
200254 200046 200240 200267 2 0 1
200255 200046 200267 200059 2 0 1
200256 200046 200401 200240 2 0 1
200257 200047 200210 200383 2 0 1
200258 200047 200215 200410 2 0 1
200259 200047 200237 200215 2 0 1
200260 200047 200241 200210 2 0 1
200261 200047 200263 200241 2 0 1
200262 200047 200383 200237 2 0 1
200263 200047 200410 200263 2 0 1
200264 200048 200053 200219 2 0 1
200265 200048 200214 200236 2 0 1
200266 200048 200219 200214 2 0 1
200267 200048 200236 200413 2 0 1
200268 200048 200259 200408 2 0 1
200269 200048 200264 200259 2 0 1
200270 200048 200408 200053 2 0 1
200271 200048 200413 200264 2 0 1
200272 200049 200054 200411 2 0 1
200273 200049 200062 200213 2 0 1
200274 200049 200213 200218 2 0 1
200275 200049 200218 200054 2 0 1
200276 200049 200400 200062 2 0 1
200277 200049 200411 200400 2 0 1
200278 200050 200063 200261 2 0 1
200279 200050 200217 200063 2 0 1
200280 200050 200256 200409 2 0 1
200281 200050 200261 200256 2 0 1
200282 200050 200409 200217 2 0 1
200283 200051 200185 200257 2 0 1
200284 200051 200216 200387 2 0 1
200285 200051 200257 200422 2 0 1
200286 200051 200387 200185 2 0 1
200287 200051 200422 200216 2 0 1
200288 200052 200057 200405 2 0 1
200289 200052 200220 200225 2 0 1
200290 200052 200225 200057 2 0 1
200291 200052 200253 200258 2 0 1
200292 200052 200258 200410 2 0 1
200293 200052 200405 200253 2 0 1
200294 200052 200410 200220 2 0 1
200295 200053 200224 200219 2 0 1
200296 200054 200218 200223 2 0 1
200297 200054 200223 200406 2 0 1
200298 200054 200250 200255 2 0 1
200299 200054 200255 200411 2 0 1
200300 200054 200406 200250 2 0 1
200301 200055 200222 200409 2 0 1
200302 200055 200227 200391 2 0 1
200303 200055 200251 200273 2 0 1
200304 200055 200273 200227 2 0 1
200305 200055 200391 200222 2 0 1
200306 200055 200409 200251 2 0 1
200307 200056 200083 200428 2 0 1
200308 200056 200204 200226 2 0 1
200309 200056 200226 200407 2 0 1
200310 200056 200252 200083 2 0 1
200311 200056 200407 200252 2 0 1
200312 200056 200428 200247 2 0 1
200313 200057 200203 200230 2 0 1
200314 200057 200225 200203 2 0 1
200315 200057 200230 200416 2 0 1
200316 200057 200416 200405 2 0 1
200317 200058 200207 200229 2 0 1
200318 200058 200229 200202 2 0 1
200319 200058 200271 200403 2 0 1
200320 200058 200403 200207 2 0 1
200321 200059 200206 200233 2 0 1
200322 200059 200245 200417 2 0 1
200323 200059 200267 200245 2 0 1
200324 200060 200196 200268 2 0 1
200325 200060 200210 200425 2 0 1
200326 200060 200232 200210 2 0 1
200327 200060 200268 200396 2 0 1
200328 200060 200304 200196 2 0 1
200329 200060 200396 200232 2 0 1
200330 200060 200425 200304 2 0 1
200331 200061 200209 200231 2 0 1
200332 200061 200236 200209 2 0 1
200333 200061 200402 200413 2 0 1
200334 200061 200413 200236 2 0 1
200335 200062 200235 200213 2 0 1
200336 200062 200265 200243 2 0 1
200337 200062 200400 200265 2 0 1
200338 200063 200217 200212 2 0 1
200339 200063 200239 200261 2 0 1
200340 200063 200414 200239 2 0 1
200341 200064 200238 200075 2 0 1
200342 200064 200265 200238 2 0 1
200343 200064 200307 200426 2 0 1
200344 200064 200426 200265 2 0 1
200345 200065 200076 200275 2 0 1
200346 200065 200248 200076 2 0 1
200347 200065 200253 200248 2 0 1
200348 200065 200275 200297 2 0 1
200349 200065 200297 200420 2 0 1
200350 200065 200420 200253 2 0 1
200351 200066 200077 200287 2 0 1
200352 200066 200258 200077 2 0 1
200353 200066 200263 200258 2 0 1
200354 200066 200287 200309 2 0 1
200355 200066 200309 200263 2 0 1
200356 200067 200078 200246 2 0 1
200357 200067 200273 200299 2 0 1
200358 200067 200277 200078 2 0 1
200359 200067 200299 200277 2 0 1
200360 200068 200079 200256 2 0 1
200361 200068 200256 200261 2 0 1
200362 200068 200261 200424 2 0 1
200363 200068 200289 200079 2 0 1
200364 200068 200424 200289 2 0 1
200365 200069 200080 200244 2 0 1
200366 200069 200244 200271 2 0 1
200367 200069 200271 200418 2 0 1
200368 200069 200279 200080 2 0 1
200369 200069 200301 200279 2 0 1
200370 200069 200418 200301 2 0 1
200371 200070 200081 200254 2 0 1
200372 200070 200254 200259 2 0 1
200373 200070 200259 200423 2 0 1
200374 200070 200291 200081 2 0 1
200375 200070 200423 200291 2 0 1
200376 200071 200082 200264 2 0 1
200377 200071 200242 200269 2 0 1
200378 200071 200264 200242 2 0 1
200379 200071 200269 200303 2 0 1
200380 200071 200281 200308 2 0 1
200381 200071 200303 200281 2 0 1
200382 200071 200308 200082 2 0 1
200383 200072 200083 200252 2 0 1
200384 200072 200113 200324 2 0 1
200385 200072 200221 200293 2 0 1
200386 200072 200252 200221 2 0 1
200387 200072 200293 200113 2 0 1
200388 200072 200324 200083 2 0 1
200389 200073 200084 200283 2 0 1
200390 200073 200240 200262 2 0 1
200391 200073 200262 200084 2 0 1
200392 200073 200267 200240 2 0 1
200393 200073 200283 200305 2 0 1
200394 200073 200305 200267 2 0 1
200395 200074 200085 200300 2 0 1
200396 200074 200250 200085 2 0 1
200397 200074 200255 200250 2 0 1
200398 200074 200295 200421 2 0 1
200399 200074 200300 200295 2 0 1
200400 200074 200421 200255 2 0 1
200401 200075 200086 200432 2 0 1
200402 200075 200238 200260 2 0 1
200403 200075 200260 200086 2 0 1
200404 200076 200087 200302 2 0 1
200405 200076 200248 200270 2 0 1
200406 200076 200270 200087 2 0 1
200407 200076 200302 200275 2 0 1
200408 200077 200088 200431 2 0 1
200409 200077 200258 200088 2 0 1
200410 200077 200292 200287 2 0 1
200411 200077 200431 200292 2 0 1
200412 200078 200089 200268 2 0 1
200413 200078 200268 200415 2 0 1
200414 200078 200277 200318 2 0 1
200415 200078 200318 200438 2 0 1
200416 200078 200404 200246 2 0 1
200417 200078 200415 200404 2 0 1
200418 200078 200438 200089 2 0 1
200419 200079 200090 200256 2 0 1
200420 200079 200289 200294 2 0 1
200421 200079 200294 200430 2 0 1
200422 200079 200430 200090 2 0 1
200423 200080 200091 200266 2 0 1
200424 200080 200266 200244 2 0 1
200425 200080 200279 200306 2 0 1
200426 200080 200306 200091 2 0 1
200427 200081 200092 200254 2 0 1
200428 200081 200291 200429 2 0 1
200429 200081 200429 200092 2 0 1
200430 200082 200093 200264 2 0 1
200431 200082 200308 200093 2 0 1
200432 200083 200298 200428 2 0 1
200433 200083 200324 200298 2 0 1
200434 200084 200262 200422 2 0 1
200435 200084 200288 200437 2 0 1
200436 200084 200422 200288 2 0 1
200437 200084 200437 200283 2 0 1
200438 200085 200250 200272 2 0 1
200439 200085 200272 200427 2 0 1
200440 200085 200427 200300 2 0 1
200441 200086 200255 200421 2 0 1
200442 200086 200260 200255 2 0 1
200443 200086 200421 200432 2 0 1
200444 200087 200243 200426 2 0 1
200445 200087 200270 200243 2 0 1
200446 200087 200426 200302 2 0 1
200447 200088 200258 200431 2 0 1
200448 200089 200438 200268 2 0 1
200449 200090 200430 200256 2 0 1
200450 200091 200239 200266 2 0 1
200451 200091 200306 200424 2 0 1
200452 200091 200424 200239 2 0 1
200453 200092 200249 200254 2 0 1
200454 200092 200418 200249 2 0 1
200455 200092 200429 200418 2 0 1
200456 200093 200259 200264 2 0 1
200457 200093 200308 200423 2 0 1
200458 200093 200423 200259 2 0 1
200459 200094 200121 200274 2 0 1
200460 200094 200274 200116 2 0 1
200461 200095 200117 200275 2 0 1
200462 200095 200122 200320 2 0 1
200463 200095 200275 200122 2 0 1
200464 200095 200320 200117 2 0 1
200465 200096 200123 200303 2 0 1
200466 200096 200276 200298 2 0 1
200467 200096 200298 200118 2 0 1
200468 200096 200303 200276 2 0 1
200469 200096 200319 200123 2 0 1
200470 200097 200119 200345 2 0 1
200471 200097 200138 200318 2 0 1
200472 200097 200165 200138 2 0 1
200473 200097 200277 200119 2 0 1
200474 200097 200318 200277 2 0 1
200475 200097 200345 200165 2 0 1
200476 200098 200120 200300 2 0 1
200477 200098 200125 200339 2 0 1
200478 200098 200278 200125 2 0 1
200479 200098 200300 200278 2 0 1
200480 200098 200317 200344 2 0 1
200481 200098 200339 200317 2 0 1
200482 200098 200344 200120 2 0 1
200483 200099 200121 200434 2 0 1
200484 200099 200126 200306 2 0 1
200485 200099 200279 200301 2 0 1
200486 200099 200301 200121 2 0 1
200487 200099 200306 200279 2 0 1
200488 200099 200434 200126 2 0 1
200489 200100 200122 200302 2 0 1
200490 200100 200280 200127 2 0 1
200491 200100 200302 200280 2 0 1
200492 200101 200123 200314 2 0 1
200493 200101 200128 200281 2 0 1
200494 200101 200281 200303 2 0 1
200495 200101 200303 200123 2 0 1
200496 200101 200314 200128 2 0 1
200497 200102 200124 200425 2 0 1
200498 200102 200133 200360 2 0 1
200499 200102 200282 200313 2 0 1
200500 200102 200313 200133 2 0 1
200501 200102 200425 200282 2 0 1
200502 200103 200125 200283 2 0 1
200503 200103 200283 200437 2 0 1
200504 200103 200312 200339 2 0 1
200505 200103 200339 200125 2 0 1
200506 200103 200437 200312 2 0 1
200507 200104 200109 200289 2 0 1
200508 200104 200126 200338 2 0 1
200509 200104 200284 200306 2 0 1
200510 200104 200289 200284 2 0 1
200511 200104 200306 200126 2 0 1
200512 200104 200311 200333 2 0 1
200513 200104 200333 200109 2 0 1
200514 200104 200338 200311 2 0 1
200515 200105 200110 200433 2 0 1
200516 200105 200127 200285 2 0 1
200517 200105 200285 200110 2 0 1
200518 200105 200433 200127 2 0 1
200519 200106 200111 200291 2 0 1
200520 200106 200286 200128 2 0 1
200521 200106 200291 200286 2 0 1
200522 200106 200331 200111 2 0 1
200523 200107 200112 200330 2 0 1
200524 200107 200129 200309 2 0 1
200525 200107 200287 200292 2 0 1
200526 200107 200292 200112 2 0 1
200527 200107 200309 200287 2 0 1
200528 200107 200330 200335 2 0 1
200529 200107 200335 200129 2 0 1
200530 200108 200154 200334 2 0 1
200531 200108 200288 200329 2 0 1
200532 200108 200329 200354 2 0 1
200533 200108 200334 200437 2 0 1
200534 200108 200354 200365 2 0 1
200535 200108 200365 200154 2 0 1
200536 200108 200437 200288 2 0 1
200537 200109 200328 200436 2 0 1
200538 200109 200333 200328 2 0 1
200539 200109 200436 200289 2 0 1
200540 200110 200115 200327 2 0 1
200541 200110 200285 200290 2 0 1
200542 200110 200290 200295 2 0 1
200543 200110 200295 200115 2 0 1
200544 200110 200327 200332 2 0 1
200545 200110 200332 200433 2 0 1
200546 200111 200116 200291 2 0 1
200547 200111 200326 200116 2 0 1
200548 200111 200331 200326 2 0 1
200549 200112 200117 200325 2 0 1
200550 200112 200292 200117 2 0 1
200551 200113 200144 200324 2 0 1
200552 200113 200293 200185 2 0 1
200553 200114 200119 200294 2 0 1
200554 200114 200294 200436 2 0 1
200555 200114 200323 200119 2 0 1
200556 200114 200328 200323 2 0 1
200557 200114 200436 200328 2 0 1
200558 200115 200295 200435 2 0 1
200559 200115 200322 200327 2 0 1
200560 200115 200435 200322 2 0 1
200561 200116 200274 200296 2 0 1
200562 200116 200296 200291 2 0 1
200563 200117 200292 200297 2 0 1
200564 200117 200297 200275 2 0 1
200565 200117 200320 200325 2 0 1
200566 200118 200298 200324 2 0 1
200567 200119 200277 200299 2 0 1
200568 200119 200299 200294 2 0 1
200569 200119 200323 200345 2 0 1
200570 200120 200344 200435 2 0 1
200571 200120 200435 200300 2 0 1
200572 200121 200301 200274 2 0 1
200573 200121 200343 200434 2 0 1
200574 200122 200275 200302 2 0 1
200575 200122 200342 200320 2 0 1
200576 200123 200319 200341 2 0 1
200577 200123 200341 200314 2 0 1
200578 200124 200304 200425 2 0 1
200579 200125 200278 200305 2 0 1
200580 200125 200305 200283 2 0 1
200581 200126 200434 200338 2 0 1
200582 200127 200280 200307 2 0 1
200583 200127 200307 200285 2 0 1
200584 200127 200433 200337 2 0 1
200585 200128 200286 200308 2 0 1
200586 200128 200308 200281 2 0 1
200587 200128 200314 200336 2 0 1
200588 200129 200313 200309 2 0 1
200589 200129 200335 200313 2 0 1
200590 200130 200157 200337 2 0 1
200591 200130 200310 200332 2 0 1
200592 200130 200332 200152 2 0 1
200593 200130 200337 200310 2 0 1
200594 200131 200153 200333 2 0 1
200595 200131 200158 200358 2 0 1
200596 200131 200311 200338 2 0 1
200597 200131 200333 200311 2 0 1
200598 200131 200338 200158 2 0 1
200599 200131 200347 200153 2 0 1
200600 200131 200358 200347 2 0 1
200601 200132 200159 200312 2 0 1
200602 200132 200175 200159 2 0 1
200603 200132 200312 200154 2 0 1
200604 200133 200155 200349 2 0 1
200605 200133 200313 200335 2 0 1
200606 200133 200335 200155 2 0 1
200607 200133 200349 200360 2 0 1
200608 200134 200156 200314 2 0 1
200609 200134 200314 200341 2 0 1
200610 200134 200341 200161 2 0 1
200611 200135 200157 200351 2 0 1
200612 200135 200162 200315 2 0 1
200613 200135 200315 200157 2 0 1
200614 200135 200351 200362 2 0 1
200615 200135 200362 200162 2 0 1
200616 200136 200158 200316 2 0 1
200617 200136 200316 200343 2 0 1
200618 200136 200343 200163 2 0 1
200619 200137 200159 200353 2 0 1
200620 200137 200164 200344 2 0 1
200621 200137 200317 200159 2 0 1
200622 200137 200344 200317 2 0 1
200623 200137 200353 200164 2 0 1
200624 200138 200165 200169 2 0 1
200625 200139 200161 200341 2 0 1
200626 200139 200341 200319 2 0 1
200627 200139 200355 200161 2 0 1
200628 200139 200366 200355 2 0 1
200629 200140 200145 200320 2 0 1
200630 200140 200320 200162 2 0 1
200631 200141 200146 200439 2 0 1
200632 200141 200163 200343 2 0 1
200633 200141 200321 200326 2 0 1
200634 200141 200326 200146 2 0 1
200635 200141 200343 200321 2 0 1
200636 200141 200439 200163 2 0 1
200637 200142 200147 200322 2 0 1
200638 200142 200322 200344 2 0 1
200639 200142 200344 200164 2 0 1
200640 200143 200148 200359 2 0 1
200641 200143 200165 200323 2 0 1
200642 200143 200323 200148 2 0 1
200643 200143 200348 200165 2 0 1
200644 200143 200359 200348 2 0 1
200645 200145 200325 200320 2 0 1
200646 200145 200350 200361 2 0 1
200647 200145 200361 200150 2 0 1
200648 200146 200326 200151 2 0 1
200649 200147 200152 200332 2 0 1
200650 200147 200327 200322 2 0 1
200651 200147 200332 200327 2 0 1
200652 200147 200352 200363 2 0 1
200653 200148 200323 200328 2 0 1
200654 200148 200328 200333 2 0 1
200655 200148 200333 200153 2 0 1
200656 200149 200221 200354 2 0 1
200657 200149 200257 200293 2 0 1
200658 200149 200293 200221 2 0 1
200659 200149 200329 200257 2 0 1
200660 200149 200354 200329 2 0 1
200661 200150 200155 200335 2 0 1
200662 200150 200335 200330 2 0 1
200663 200151 200156 200356 2 0 1
200664 200151 200326 200331 2 0 1
200665 200154 200312 200334 2 0 1
200666 200155 200201 200349 2 0 1
200667 200156 200336 200314 2 0 1
200668 200156 200367 200356 2 0 1
200669 200157 200315 200337 2 0 1
200670 200158 200338 200316 2 0 1
200671 200158 200369 200358 2 0 1
200672 200159 200175 200197 2 0 1
200673 200159 200197 200353 2 0 1
200674 200159 200317 200339 2 0 1
200675 200159 200339 200312 2 0 1
200676 200160 200268 200438 2 0 1
200677 200160 200396 200268 2 0 1
200678 200160 200438 200340 2 0 1
200679 200161 200355 200195 2 0 1
200680 200162 200320 200342 2 0 1
200681 200162 200342 200315 2 0 1
200682 200162 200362 200373 2 0 1
200683 200163 200439 200346 2 0 1
200684 200164 200353 200364 2 0 1
200685 200164 200364 200375 2 0 1
200686 200165 200191 200169 2 0 1
200687 200165 200345 200323 2 0 1
200688 200165 200348 200191 2 0 1
200689 200166 200193 200346 2 0 1
200690 200166 200346 200357 2 0 1
200691 200166 200357 200188 2 0 1
200692 200167 200373 200194 2 0 1
200693 200167 200399 200189 2 0 1
200694 200168 200195 200355 2 0 1
200695 200168 200355 200190 2 0 1
200696 200168 200382 200195 2 0 1
200697 200169 200191 200383 2 0 1
200698 200169 200383 200210 2 0 1
200699 200170 200192 200353 2 0 1
200700 200170 200353 200197 2 0 1
200701 200171 200193 200398 2 0 1
200702 200171 200198 200369 2 0 1
200703 200171 200398 200380 2 0 1
200704 200172 200194 200362 2 0 1
200705 200172 200351 200199 2 0 1
200706 200172 200362 200351 2 0 1
200707 200173 200195 200395 2 0 1
200708 200174 200349 200378 2 0 1
200709 200174 200360 200349 2 0 1
200710 200175 200379 200197 2 0 1
200711 200175 200392 200379 2 0 1
200712 200176 200181 200347 2 0 1
200713 200176 200347 200358 2 0 1
200714 200176 200358 200198 2 0 1
200715 200177 200374 200182 2 0 1
200716 200177 200376 200199 2 0 1
200717 200178 200183 200356 2 0 1
200718 200178 200356 200367 2 0 1
200719 200178 200367 200200 2 0 1
200720 200178 200390 200183 2 0 1
200721 200179 200391 200201 2 0 1
200722 200180 200354 200221 2 0 1
200723 200180 200365 200354 2 0 1
200724 200180 200392 200365 2 0 1
200725 200181 200388 200186 2 0 1
200726 200182 200352 200187 2 0 1
200727 200182 200363 200352 2 0 1
200728 200182 200374 200363 2 0 1
200729 200183 200188 200368 2 0 1
200730 200184 200189 200386 2 0 1
200731 200184 200350 200189 2 0 1
200732 200184 200361 200350 2 0 1
200733 200184 200372 200361 2 0 1
200734 200185 200293 200257 2 0 1
200735 200186 200191 200348 2 0 1
200736 200186 200348 200359 2 0 1
200737 200186 200359 200370 2 0 1
200738 200187 200192 200384 2 0 1
200739 200187 200375 200192 2 0 1
200740 200188 200357 200368 2 0 1
200741 200189 200399 200386 2 0 1
200742 200190 200355 200366 2 0 1
200743 200192 200364 200353 2 0 1
200744 200192 200375 200364 2 0 1
200745 200194 200373 200362 2 0 1
200746 200195 200382 200395 2 0 1
200747 200196 200371 200360 2 0 1
200748 200196 200415 200268 2 0 1
200749 200198 200358 200369 2 0 1
200750 200199 200376 200394 2 0 1
200751 200201 200227 200378 2 0 1
200752 200201 200378 200349 2 0 1
200753 200201 200391 200227 2 0 1
200754 200202 200229 200394 2 0 1
200755 200202 200376 200224 2 0 1
200756 200202 200394 200376 2 0 1
200757 200203 200225 200393 2 0 1
200758 200203 200393 200230 2 0 1
200759 200204 200231 200379 2 0 1
200760 200204 200379 200392 2 0 1
200761 200204 200392 200226 2 0 1
200762 200205 200378 200227 2 0 1
200763 200206 200228 200377 2 0 1
200764 200206 200377 200395 2 0 1
200765 200206 200395 200233 2 0 1
200766 200207 200234 200381 2 0 1
200767 200207 200394 200229 2 0 1
200768 200208 200230 200380 2 0 1
200769 200208 200380 200235 2 0 1
200770 200209 200236 200397 2 0 1
200771 200209 200397 200231 2 0 1
200772 200210 200232 200396 2 0 1
200773 200210 200241 200425 2 0 1
200774 200211 200233 200382 2 0 1
200775 200211 200412 200401 2 0 1
200776 200212 200217 200399 2 0 1
200777 200212 200381 200234 2 0 1
200778 200212 200399 200381 2 0 1
200779 200213 200235 200398 2 0 1
200780 200213 200385 200218 2 0 1
200781 200213 200398 200385 2 0 1
200782 200214 200219 200384 2 0 1
200783 200214 200384 200236 2 0 1
200784 200215 200220 200410 2 0 1
200785 200215 200237 200383 2 0 1
200786 200216 200262 200412 2 0 1
200787 200216 200422 200262 2 0 1
200788 200217 200386 200399 2 0 1
200789 200217 200409 200222 2 0 1
200790 200218 200385 200390 2 0 1
200791 200218 200390 200223 2 0 1
200792 200219 200224 200389 2 0 1
200793 200219 200389 200384 2 0 1
200794 200220 200388 200225 2 0 1
200795 200221 200252 200407 2 0 1
200796 200223 200377 200228 2 0 1
200797 200224 200376 200389 2 0 1
200798 200225 200388 200393 2 0 1
200799 200231 200397 200379 2 0 1
200800 200233 200395 200382 2 0 1
200801 200235 200380 200398 2 0 1
200802 200238 200265 200400 2 0 1
200803 200238 200400 200411 2 0 1
200804 200238 200411 200260 2 0 1
200805 200239 200414 200266 2 0 1
200806 200239 200424 200261 2 0 1
200807 200240 200401 200262 2 0 1
200808 200241 200263 200309 2 0 1
200809 200241 200282 200425 2 0 1
200810 200241 200309 200282 2 0 1
200811 200242 200264 200402 2 0 1
200812 200242 200402 200269 2 0 1
200813 200243 200265 200426 2 0 1
200814 200243 200270 200416 2 0 1
200815 200244 200266 200414 2 0 1
200816 200244 200403 200271 2 0 1
200817 200244 200414 200403 2 0 1
200818 200245 200267 200427 2 0 1
200819 200245 200272 200417 2 0 1
200820 200245 200427 200272 2 0 1
200821 200247 200276 200303 2 0 1
200822 200247 200303 200269 2 0 1
200823 200247 200428 200276 2 0 1
200824 200248 200253 200405 2 0 1
200825 200248 200405 200416 2 0 1
200826 200248 200416 200270 2 0 1
200827 200249 200408 200254 2 0 1
200828 200249 200418 200271 2 0 1
200829 200250 200406 200417 2 0 1
200830 200250 200417 200272 2 0 1
200831 200251 200256 200430 2 0 1
200832 200251 200409 200256 2 0 1
200833 200251 200419 200273 2 0 1
200834 200251 200430 200419 2 0 1
200835 200253 200420 200431 2 0 1
200836 200253 200431 200258 2 0 1
200837 200254 200408 200259 2 0 1
200838 200255 200260 200411 2 0 1
200839 200257 200329 200422 2 0 1
200840 200258 200263 200410 2 0 1
200841 200262 200401 200412 2 0 1
200842 200264 200413 200402 2 0 1
200843 200267 200305 200427 2 0 1
200844 200273 200419 200299 2 0 1
200845 200274 200301 200418 2 0 1
200846 200274 200418 200296 2 0 1
200847 200276 200428 200298 2 0 1
200848 200278 200300 200427 2 0 1
200849 200278 200427 200305 2 0 1
200850 200280 200302 200426 2 0 1
200851 200280 200426 200307 2 0 1
200852 200282 200309 200313 2 0 1
200853 200284 200289 200424 2 0 1
200854 200284 200424 200306 2 0 1
200855 200286 200291 200423 2 0 1
200856 200286 200423 200308 2 0 1
200857 200288 200422 200329 2 0 1
200858 200289 200436 200294 2 0 1
200859 200290 200421 200295 2 0 1
200860 200290 200432 200421 2 0 1
200861 200291 200296 200429 2 0 1
200862 200292 200420 200297 2 0 1
200863 200292 200431 200420 2 0 1
200864 200294 200299 200419 2 0 1
200865 200294 200419 200430 2 0 1
200866 200295 200300 200435 2 0 1
200867 200296 200418 200429 2 0 1
200868 200310 200337 200433 2 0 1
200869 200310 200433 200332 2 0 1
200870 200312 200437 200334 2 0 1
200871 200316 200338 200434 2 0 1
200872 200316 200434 200343 2 0 1
200873 200318 200340 200438 2 0 1
200874 200322 200435 200344 2 0 1
200875 200346 200439 200357 2 0 1
