440
200000 -0.658668 1.314175 0.000000
200001 -0.162269 -1.461016 0.000000
200002 0.154547 1.391491 -0.448072
200003 -0.132117 -1.189532 0.853498
200004 0.097112 0.874360 -1.177694
200005 -0.052864 -0.475972 1.389804
200006 0.003586 0.032284 -1.469641
200007 0.930979 1.137619 0.000000
200008 0.394902 0.482554 -1.331200
200009 -0.595961 -0.728241 -1.129334
200010 -0.900490 -1.100363 0.373120
200011 -0.167977 -0.205261 1.445874
200012 0.757986 0.926228 0.853498
200013 0.811020 0.991034 -0.721802
200014 -0.069950 -0.085476 -1.465845
200015 -0.870363 -1.063549 -0.521759
200016 -0.668429 -0.816794 1.023206
200017 0.303296 0.370615 1.389804
200018 0.925732 1.131208 0.155846
200019 0.482057 0.589054 -1.257591
200020 -0.516776 -0.631479 -1.222733
200021 -0.920468 -1.124775 0.220276
200022 -1.400047 -0.448072 0.000000
200023 -0.571334 -0.182850 1.342030
200024 0.933745 0.298836 1.095316
200025 1.333423 0.426749 -0.448072
200026 0.154547 0.049461 -1.461016
200027 -1.207287 -0.386381 -0.744357
200028 -1.139892 -0.364811 0.853498
200029 0.276948 0.088635 1.440952
200030 1.365927 0.437152 0.322555
200031 0.837872 0.268153 -1.177694
200032 -0.682086 -0.218295 -1.283747
200033 -1.394566 -0.446317 0.129946
200034 -0.456109 -0.145973 1.389804
200035 1.022306 0.327179 1.004362
200036 1.290479 0.413005 -0.570080
200037 0.030936 0.009901 -1.469641
200038 -1.265230 -0.404925 -0.629388
200039 -1.063571 -0.340386 0.955957
200040 1.418500 -0.385691 0.000000
200041 -1.077617 0.293005 0.955923
200042 0.218806 -0.059493 -1.452406
200043 0.745169 -0.202612 1.250828
200044 -1.350998 0.367337 -0.448072
200045 1.307504 -0.355511 -0.570039
200046 -0.635592 0.172818 1.314175
200047 -0.341800 0.092936 -1.426687
200048 1.154916 -0.314022 0.853498
200049 -1.412951 0.384182 0.129902
200050 0.991887 -0.269695 -1.050868
200051 -0.094099 0.025586 1.466762
200052 -0.848916 0.230821 -1.177694
200053 1.383921 -0.376289 0.322598
200054 -1.253780 0.340904 0.687546
200055 0.521043 -0.141672 -1.367239
200056 0.462121 -0.125651 1.389804
200057 -1.223178 0.332583 -0.744396
200058 1.396346 -0.379667 -0.258788
200059 -0.898396 0.244275 1.137591
200060 -0.031344 0.008522 -1.469641
200061 0.946020 -0.257223 1.095346
200062 -1.406016 0.382296 -0.194601
200063 1.190246 -0.323629 -0.799674
200064 -0.980399 1.095316 0.000000
200065 -0.827314 0.924287 -0.788762
200066 -0.415865 0.464610 -1.331200
200067 0.125455 -0.140161 -1.457915
200068 0.627597 -0.701161 -1.129334
200069 0.933745 -1.043194 -0.448072
200070 0.948291 -1.059445 0.373120
200071 0.666694 -0.744841 1.077790
200072 0.176894 -0.197628 1.445874
200073 -0.368149 0.411302 1.362423
200074 -0.798222 0.891786 0.853498
200075 -0.979017 1.093772 0.078033
200076 -0.854072 0.954182 -0.721802
200077 -0.462407 0.516608 -1.296223
200078 0.073663 -0.082298 -1.465845
200079 0.586730 -0.655503 -1.177694
200080 0.916565 -1.024000 -0.521759
200081 0.960164 -1.072710 0.297117
200082 0.703912 -0.786421 1.023206
200083 0.227833 -0.254539 1.429756
200084 -0.319396 0.356834 1.389804
200085 -0.766880 0.856770 0.915828
200086 -0.974874 1.089143 0.155846
200087 -0.878422 0.981386 -0.652806
200088 -0.507646 0.567150 -1.257591
200089 0.021664 -0.024203 -1.469641
200090 0.544208 -0.607997 -1.222733
200091 0.896801 -1.001919 -0.593976
200092 0.969329 -1.082949 0.220276
200093 0.739144 -0.825783 0.965737
200094 0.226750 -1.452406 0.000000
200095 -0.190259 1.218673 -0.799711
200096 0.092532 -0.592701 1.342030
200097 0.034976 -0.224036 -1.452406
200098 -0.151228 0.968665 1.095316
200099 0.218806 -1.401523 -0.385691
200100 -0.215959 1.383291 -0.448072
200101 0.143605 -0.919837 1.137619
200102 -0.025030 0.160327 -1.461016
200103 -0.101601 0.650785 1.314175
200104 0.195530 -1.252438 -0.744357
200105 -0.226528 1.450984 -0.065037
200106 0.184615 -1.182522 0.853498
200107 -0.083283 0.533456 -1.367256
200108 -0.044854 0.287306 1.440952
200109 0.158555 -1.015596 -1.050868
200110 -0.221224 1.417010 0.322555
200111 0.212690 -1.362350 0.509575
200112 -0.135701 0.869207 -1.177694
200113 0.015035 -0.096305 1.466765
200114 0.110470 -0.707595 -1.283747
200115 -0.200419 1.283749 0.687546
200116 0.225862 -1.446721 0.129946
200117 -0.178610 1.144055 -0.905614
200118 0.073871 -0.473167 1.389804
200119 0.054644 -0.350013 -1.426676
200120 -0.165571 1.060539 1.004362
200121 0.223208 -1.429723 -0.258788
200122 -0.209004 1.338741 -0.570080
200123 0.127531 -0.816875 1.215463
200124 -0.005010 0.032093 -1.469641
200125 -0.119122 0.763018 1.250805
200126 0.204915 -1.312547 -0.629388
200127 -0.224754 1.439624 -0.194601
200128 0.172255 -1.103347 0.955957
200129 -0.064314 0.411951 -1.409631
200130 0.599881 1.342030 0.000000
200131 -0.503343 -1.126059 -0.799711
200132 0.244801 0.547658 1.342030
200133 0.092532 0.207010 -1.452406
200134 -0.400083 -0.895051 1.095316
200135 0.578864 1.295013 -0.385691
200136 -0.571334 -1.278166 -0.448072
200137 0.379916 0.849933 1.137619
200138 -0.066219 -0.148143 -1.461016
200139 -0.268791 -0.601328 1.314175
200140 0.517288 1.157257 -0.744357
200141 -0.599293 -1.340715 -0.065037
200142 0.488411 1.092655 0.853498
200143 -0.220331 -0.492916 -1.367256
200144 -0.118665 -0.265472 1.440952
200145 0.419467 0.938415 -1.050868
200146 -0.585261 -1.309323 0.322555
200147 0.562685 1.258817 0.509575
200148 -0.359005 -0.803151 -1.177694
200149 0.039776 0.088986 1.466765
200150 0.292254 0.653820 -1.283747
200151 -0.530221 -1.186190 0.687546
200152 0.597532 1.336776 0.129946
200153 -0.472524 -1.057111 -0.905614
200154 0.195430 0.437208 1.389804
200155 0.144564 0.323413 -1.426676
200156 -0.438029 -0.979942 1.004362
200157 0.590512 1.321070 -0.258788
200158 -0.552934 -1.237002 -0.570080
200159 0.337390 0.754796 1.215463
200160 -0.013255 -0.029654 -1.469641
200161 -0.315146 -0.705032 1.250805
200162 0.542115 1.212799 -0.629388
200163 -0.594601 -1.330218 -0.194601
200164 0.455710 1.019497 0.955957
200165 -0.170146 -0.380644 -1.409631
200166 -1.233435 -0.799711 0.000000
200167 1.034940 0.671015 -0.799711
200168 -0.503343 -0.326348 1.342030
200169 -0.190259 -0.123357 -1.452406
200170 0.822625 0.533358 1.095316
200171 -1.190223 -0.771694 -0.385691
200172 1.174740 0.761655 -0.448072
200173 -0.781158 -0.506472 1.137619
200174 0.136156 0.088278 -1.461016
200175 0.552670 0.358329 1.314175
200176 -1.063614 -0.689606 -0.744357
200177 1.232227 0.798928 -0.065037
200178 -1.004239 -0.651110 0.853498
200179 0.453030 0.293727 -1.367256
200180 0.243990 0.158194 1.440952
200181 -0.862481 -0.559199 -1.050868
200182 1.203375 0.780222 0.322555
200183 -1.156956 -0.750125 0.509575
200184 0.738162 0.478595 -1.177694
200185 -0.081785 -0.053026 1.466765
200186 -0.600914 -0.389609 -1.283747
200187 1.090206 0.706847 0.687546
200188 -1.228606 -0.796580 0.129946
200189 0.971572 0.629929 -0.905614
200190 -0.401830 -0.260531 1.389804
200191 -0.297243 -0.192721 -1.426676
200192 0.900647 0.583944 1.004362
200193 -1.214171 -0.787221 -0.258788
200194 1.136906 0.737125 -0.570080
200195 -0.693720 -0.449781 1.215463
200196 0.027255 0.017671 -1.469641
200197 0.647982 0.420126 1.250805
200198 -1.114662 -0.722703 -0.629388
200199 1.222579 0.792673 -0.194601
200200 -0.937002 -0.607515 0.955957
200201 0.349843 0.226825 -1.409631
200202 1.470000 0.000000 0.000000
200203 -1.233435 -0.000000 -0.799711
200204 0.599881 0.000000 1.342030
200205 0.226750 0.000000 -1.452406
200206 -0.980399 -0.000000 1.095316
200207 1.418500 0.000000 -0.385691
200208 -1.400047 -0.000000 -0.448072
200209 0.930979 0.000000 1.137619
200210 -0.162269 -0.000000 -1.461016
200211 -0.658668 -0.000000 1.314175
200212 1.267609 0.000000 -0.744357
200213 -1.468561 -0.000000 -0.065037
200214 1.196846 0.000000 0.853498
200215 -0.539918 -0.000000 -1.367256
200216 -0.290786 -0.000000 1.440952
200217 1.027899 0.000000 -1.050868
200218 -1.434175 -0.000000 0.322555
200219 1.378852 0.000000 0.509575
200220 -0.879736 -0.000000 -1.177694
200221 0.097471 0.000000 1.466765
200222 0.716166 0.000000 -1.283747
200223 -1.299300 -0.000000 0.687546
200224 1.464245 0.000000 0.129946
200225 -1.157913 -0.000000 -0.905614
200226 0.478899 0.000000 1.389804
200227 0.354253 0.000000 -1.426676
200228 -1.073385 -0.000000 1.004362
200229 1.447041 0.000000 -0.258788
200230 -1.354957 -0.000000 -0.570080
200231 0.826771 0.000000 1.215463
200232 -0.032482 -0.000000 -1.469641
200233 -0.772261 -0.000000 1.250805
200234 1.328447 0.000000 -0.629388
200235 -1.457062 -0.000000 -0.194601
200236 1.116712 0.000000 0.955957
200237 -0.416941 -0.000000 -1.409631
200238 -1.233435 0.799711 0.000000
200239 1.034940 -0.671015 -0.799711
200240 -0.503343 0.326348 1.342030
200241 -0.190259 0.123357 -1.452406
200242 0.822625 -0.533358 1.095316
200243 -1.190223 0.771694 -0.385691
200244 1.174740 -0.761655 -0.448072
200245 -0.781158 0.506472 1.137619
200246 0.136156 -0.088278 -1.461016
200247 0.552670 -0.358329 1.314175
200248 -1.063614 0.689606 -0.744357
200249 1.232227 -0.798928 -0.065037
200250 -1.004239 0.651110 0.853498
200251 0.453030 -0.293727 -1.367256
200252 0.243990 -0.158194 1.440952
200253 -0.862481 0.559199 -1.050868
200254 1.203375 -0.780222 0.322555
200255 -1.156956 0.750125 0.509575
200256 0.738162 -0.478595 -1.177694
200257 -0.081785 0.053026 1.466765
200258 -0.600914 0.389609 -1.283747
200259 1.090206 -0.706847 0.687546
200260 -1.228606 0.796580 0.129946
200261 0.971572 -0.629929 -0.905614
200262 -0.401830 0.260531 1.389804
200263 -0.297243 0.192721 -1.426676
200264 0.900647 -0.583944 1.004362
200265 -1.214171 0.787221 -0.258788
200266 1.136906 -0.737125 -0.570080
200267 -0.693720 0.449781 1.215463
200268 0.027255 -0.017671 -1.469641
200269 0.647982 -0.420126 1.250805
200270 -1.114662 0.722703 -0.629388
200271 1.222579 -0.792673 -0.194601
200272 -0.937002 0.607515 0.955957
200273 0.349843 -0.226825 -1.409631
200274 0.599881 -1.342030 0.000000
200275 -0.503343 1.126059 -0.799711
200276 0.244801 -0.547658 1.342030
200277 0.092532 -0.207010 -1.452406
200278 -0.400083 0.895051 1.095316
200279 0.578864 -1.295013 -0.385691
200280 -0.571334 1.278166 -0.448072
200281 0.379916 -0.849933 1.137619
200282 -0.066219 0.148143 -1.461016
200283 -0.268791 0.601328 1.314175
200284 0.517288 -1.157257 -0.744357
200285 -0.599293 1.340715 -0.065037
200286 0.488411 -1.092655 0.853498
200287 -0.220331 0.492916 -1.367256
200288 -0.118665 0.265472 1.440952
200289 0.419467 -0.938415 -1.050868
200290 -0.585261 1.309323 0.322555
200291 0.562685 -1.258817 0.509575
200292 -0.359005 0.803151 -1.177694
200293 0.039776 -0.088986 1.466765
200294 0.292254 -0.653820 -1.283747
200295 -0.530221 1.186190 0.687546
200296 0.597532 -1.336776 0.129946
200297 -0.472524 1.057111 -0.905614
200298 0.195430 -0.437208 1.389804
200299 0.144564 -0.323413 -1.426676
200300 -0.438029 0.979942 1.004362
200301 0.590512 -1.321070 -0.258788
200302 -0.552934 1.237002 -0.570080
200303 0.337390 -0.754796 1.215463
200304 -0.013255 0.029654 -1.469641
200305 -0.315146 0.705032 1.250805
200306 0.542115 -1.212799 -0.629388
200307 -0.594601 1.330218 -0.194601
200308 0.455710 -1.019497 0.955957
200309 -0.170146 0.380644 -1.409631
200310 0.226750 1.452406 0.000000
200311 -0.190259 -1.218673 -0.799711
200312 0.092532 0.592701 1.342030
200313 0.034976 0.224036 -1.452406
200314 -0.151228 -0.968665 1.095316
200315 0.218806 1.401523 -0.385691
200316 -0.215959 -1.383291 -0.448072
200317 0.143605 0.919837 1.137619
200318 -0.025030 -0.160327 -1.461016
200319 -0.101601 -0.650785 1.314175
200320 0.195530 1.252438 -0.744357
200321 -0.226528 -1.450984 -0.065037
200322 0.184615 1.182522 0.853498
200323 -0.083283 -0.533456 -1.367256
200324 -0.044854 -0.287306 1.440952
200325 0.158555 1.015596 -1.050868
200326 -0.221224 -1.417010 0.322555
200327 0.212690 1.362350 0.509575
200328 -0.135701 -0.869207 -1.177694
200329 0.015035 0.096305 1.466765
200330 0.110470 0.707595 -1.283747
200331 -0.200419 -1.283749 0.687546
200332 0.225862 1.446721 0.129946
200333 -0.178610 -1.144055 -0.905614
200334 0.073871 0.473167 1.389804
200335 0.054644 0.350013 -1.426676
200336 -0.165571 -1.060539 1.004362
200337 0.223208 1.429723 -0.258788
200338 -0.209004 -1.338741 -0.570080
200339 0.127531 0.816875 1.215463
200340 -0.005010 -0.032093 -1.469641
200341 -0.119122 -0.763018 1.250805
200342 0.204915 1.312547 -0.629388
200343 -0.224754 -1.439624 -0.194601
200344 0.172255 1.103347 0.955957
200345 -0.064314 -0.411951 -1.409631
200346 -0.980399 -1.095316 0.000000
200347 -0.827314 -0.924287 -0.788762
200348 -0.415865 -0.464610 -1.331200
200349 0.125455 0.140161 -1.457915
200350 0.627597 0.701161 -1.129334
200351 0.933745 1.043194 -0.448072
200352 0.948291 1.059445 0.373120
200353 0.666694 0.744841 1.077790
200354 0.176894 0.197628 1.445874
200355 -0.368149 -0.411302 1.362423
200356 -0.798222 -0.891786 0.853498
200357 -0.979017 -1.093772 0.078033
200358 -0.854072 -0.954182 -0.721802
200359 -0.462407 -0.516608 -1.296223
200360 0.073663 0.082298 -1.465845
200361 0.586730 0.655503 -1.177694
200362 0.916565 1.024000 -0.521759
200363 0.960164 1.072710 0.297117
200364 0.703912 0.786421 1.023206
200365 0.227833 0.254539 1.429756
200366 -0.319396 -0.356834 1.389804
200367 -0.766880 -0.856770 0.915828
200368 -0.974874 -1.089143 0.155846
200369 -0.878422 -0.981386 -0.652806
200370 -0.507646 -0.567150 -1.257591
200371 0.021664 0.024203 -1.469641
200372 0.544208 0.607997 -1.222733
200373 0.896801 1.001919 -0.593976
200374 0.969329 1.082949 0.220276
200375 0.739144 0.825783 0.965737
200376 1.418500 0.385691 0.000000
200377 -1.077617 -0.293005 0.955923
200378 0.218806 0.059493 -1.452406
200379 0.745169 0.202612 1.250828
200380 -1.350998 -0.367337 -0.448072
200381 1.307504 0.355511 -0.570039
200382 -0.635592 -0.172818 1.314175
200383 -0.341800 -0.092936 -1.426687
200384 1.154916 0.314022 0.853498
200385 -1.412951 -0.384182 0.129902
200386 0.991887 0.269695 -1.050868
200387 -0.094099 -0.025586 1.466762
200388 -0.848916 -0.230821 -1.177694
200389 1.383921 0.376289 0.322598
200390 -1.253780 -0.340904 0.687546
200391 0.521043 0.141672 -1.367239
200392 0.462121 0.125651 1.389804
200393 -1.223178 -0.332583 -0.744396
200394 1.396346 0.379667 -0.258788
200395 -0.898396 -0.244275 1.137591
200396 -0.031344 -0.008522 -1.469641
200397 0.946020 0.257223 1.095346
200398 -1.406016 -0.382296 -0.194601
200399 1.190246 0.323629 -0.799674
200400 -1.400047 0.448072 0.000000
200401 -0.571334 0.182850 1.342030
200402 0.933745 -0.298836 1.095316
200403 1.333423 -0.426749 -0.448072
200404 0.154547 -0.049461 -1.461016
200405 -1.207287 0.386381 -0.744357
200406 -1.139892 0.364811 0.853498
200407 0.276948 -0.088635 1.440952
200408 1.365927 -0.437152 0.322555
200409 0.837872 -0.268153 -1.177694
200410 -0.682086 0.218295 -1.283747
200411 -1.394566 0.446317 0.129946
200412 -0.456109 0.145973 1.389804
200413 1.022306 -0.327179 1.004362
200414 1.290479 -0.413005 -0.570080
200415 0.030936 -0.009901 -1.469641
200416 -1.265230 0.404925 -0.629388
200417 -1.063571 0.340386 0.955957
200418 0.930979 -1.137619 0.000000
200419 0.394902 -0.482554 -1.331200
200420 -0.595961 0.728241 -1.129334
200421 -0.900490 1.100363 0.373120
200422 -0.167977 0.205261 1.445874
200423 0.757986 -0.926228 0.853498
200424 0.811020 -0.991034 -0.721802
200425 -0.069950 0.085476 -1.465845
200426 -0.870363 1.063549 -0.521759
200427 -0.668429 0.816794 1.023206
200428 0.303296 -0.370615 1.389804
200429 0.925732 -1.131208 0.155846
200430 0.482057 -0.589054 -1.257591
200431 -0.516776 0.631479 -1.222733
200432 -0.920468 1.124775 0.220276
200433 -0.162269 1.461016 0.000000
200434 0.154547 -1.391491 -0.448072
200435 -0.132117 1.189532 0.853498
200436 0.097112 -0.874360 -1.177694
200437 -0.052864 0.475972 1.389804
200438 0.003586 -0.032284 -1.469641
200439 -0.658668 -1.314175 0.000000
