1550
300000 1039.229980 0.000000 -600.000000
300001 -1087.569946 0.000000 -507.141998
300002 1127.630981 0.000000 -410.424011
300003 -1159.109985 0.000000 -310.583008
300004 1181.769043 0.000000 -208.378006
300005 -1195.430054 0.000000 -104.586998
300006 1200.000000 0.000000 0.000000
300007 -1195.430054 0.000000 104.586899
300008 1181.769043 0.000000 208.377808
300009 -1159.109985 0.000000 310.582886
300010 1127.630981 0.000000 410.424194
300011 -1087.569946 0.000000 507.141907
300012 1039.229980 0.000000 600.000000
300013 -982.981995 0.000000 688.291687
300014 919.253296 0.000000 771.345093
300015 -848.528015 0.000000 848.528076
300016 771.345093 0.000000 919.253296
300017 -688.291992 0.000000 982.982483
300018 600.000000 0.000000 1039.229980
300019 -507.141998 0.000000 1087.568970
300020 410.424194 0.000000 1127.630981
300021 208.377808 0.000000 1181.769043
300022 1038.240967 45.330601 -600.000000
300023 1126.557983 49.186581 -410.424011
300024 1180.645020 51.548050 -208.378006
300025 -1194.300049 -52.144100 -104.586998
300026 1198.858032 52.343262 0.000000
300027 -1194.300049 -52.144100 104.586899
300028 1180.645020 51.548050 208.377808
300029 1126.557983 49.186581 410.424194
300030 1038.240967 45.330601 600.000000
300031 918.378418 40.097271 771.345093
300032 1035.276001 90.574898 -600.000000
300033 -1083.430054 -94.787903 -507.141998
300034 1123.339966 98.279533 -410.424011
300035 -1154.699951 -101.023003 -310.583008
300036 1177.271973 102.998001 -208.378006
300037 1195.433960 104.586899 0.000000
300038 1177.271973 102.998001 208.377808
300039 -1154.699951 -101.023003 310.582886
300040 1123.339966 98.279533 410.424194
300041 -1083.430054 -94.787903 507.141907
300042 1035.276001 90.574898 600.000000
300043 -979.242004 -85.672600 688.291687
300044 768.409912 67.227158 919.253296
300045 597.716797 52.293449 1039.229980
300046 1117.984009 147.185394 -410.424011
300047 1171.659058 154.251801 -208.378006
300048 -1185.209961 -156.035004 -104.586998
300049 1189.734009 156.631393 0.000000
300050 -1185.209961 -156.035004 104.586899
300051 1171.659058 154.251801 208.377808
300052 1117.984009 147.185394 410.424194
300053 911.388977 119.986603 771.345093
300054 -841.268982 -110.754997 848.528076
300055 764.746216 100.680702 919.253296
300056 406.912903 53.571098 1127.630981
300057 1023.442017 180.460495 -600.000000
300058 -1141.500000 -201.278000 -310.583008
300059 1163.816040 205.212097 -208.378006
300060 1181.769043 208.377808 0.000000
300061 1163.816040 205.212097 208.377808
300062 -1141.500000 -201.278000 310.582886
300063 1023.442017 180.460495 600.000000
300064 905.287781 159.626694 771.345093
300065 -677.835022 -119.521004 982.982483
300066 590.884705 104.188904 1039.229980
300067 1014.596985 224.930603 -600.000000
300068 -1061.790039 -235.393005 -507.141998
300069 1100.901978 244.063995 -410.424011
300070 1153.756958 255.781693 -208.378006
300071 -1167.099976 -258.739014 -104.586998
300072 1171.555054 259.727509 0.000000
300073 -1167.099976 -258.739014 104.586899
300074 1153.756958 255.781693 208.377808
300075 1100.901978 244.063995 410.424194
300076 -1061.790039 -235.393005 507.141907
300077 1014.596985 224.930603 600.000000
300078 -959.682007 -212.755997 688.291687
300079 753.061218 166.949600 919.253296
300080 -495.121002 -109.765999 1087.568970
300081 1003.820007 268.972595 -600.000000
300082 1089.208008 291.852386 -410.424011
300083 -1119.619995 -300.000000 -310.583008
300084 1141.500977 305.864410 -208.378006
300085 1159.110962 310.582886 0.000000
300086 1141.500977 305.864410 208.377808
300087 -1119.619995 -300.000000 310.582886
300088 1089.208008 291.852386 410.424194
300089 1003.820007 268.972595 600.000000
300090 887.930481 237.920303 771.345093
300091 -819.614990 -219.615005 848.528076
300092 579.555481 155.291397 1039.229980
300093 396.439301 106.225601 1127.630981
300094 201.277496 53.932152 1181.769043
300095 991.131714 312.502594 -600.000000
300096 -1037.229980 -327.037994 -507.141998
300097 1075.441040 339.085205 -410.424011
300098 1127.072998 355.364899 -208.378006
300099 -1140.109985 -359.473999 -104.586998
300100 1144.459961 360.846985 0.000000
300101 -1140.109985 -359.473999 104.586899
300102 1127.072998 355.364899 208.377808
300103 1075.441040 339.085205 410.424194
300104 -1037.229980 -327.037994 507.141907
300105 991.131714 312.502594 600.000000
300106 -937.487000 -295.588989 688.291687
300107 876.707520 276.424805 771.345093
300108 735.644897 231.947998 919.253296
300109 -656.434998 -206.973007 982.982483
300110 976.557190 355.437805 -600.000000
300111 1059.626953 385.672607 -410.424011
300112 -1089.209961 -396.438995 -310.583008
300113 1110.500000 404.188904 -208.378006
300114 1127.630981 410.424194 0.000000
300115 1110.500000 404.188904 208.377808
300116 -1089.209961 -396.438995 310.582886
300117 1059.626953 385.672607 410.424194
300118 976.557190 355.437805 600.000000
300119 863.815613 314.403198 771.345093
300120 724.827271 263.815613 919.253296
300121 563.815613 205.212097 1039.229980
300122 -1004.780029 -416.195007 -507.141998
300123 1041.795044 431.525787 -410.424011
300124 -1104.439941 -457.472992 -104.586998
300125 1108.655029 459.220093 0.000000
300126 -1104.439941 -457.472992 104.586899
300127 1041.795044 431.525787 410.424194
300128 -1004.780029 -416.195007 507.141907
300129 -783.937988 -324.717987 848.528076
300130 379.182495 157.062500 1127.630981
300131 941.862671 439.197815 -600.000000
300132 1021.981018 476.557495 -410.424011
300133 -1050.510010 -489.860992 -310.583008
300134 1071.046997 499.437286 -208.378006
300135 1087.568970 507.141907 0.000000
300136 1071.046997 499.437286 208.377808
300137 -1050.510010 -489.860992 310.582886
300138 1021.981018 476.557495 410.424194
300139 941.862671 439.197815 600.000000
300140 -890.885010 -415.425995 688.291687
300141 833.126526 388.493195 771.345093
300142 699.076111 325.984497 919.253296
300143 543.784729 253.570999 1039.229980
300144 -459.627014 -214.326996 1087.568970
300145 921.808716 479.863190 -600.000000
300146 -964.685974 -502.183990 -507.141998
300147 1000.221008 520.682129 -410.424011
300148 1048.241943 545.680298 -208.378006
300149 -1060.359985 -551.989990 -104.586998
300150 1064.412964 554.098328 0.000000
300151 -1060.359985 -551.989990 104.586899
300152 1048.241943 545.680298 208.377808
300153 1000.221008 520.682129 410.424194
300154 -964.685974 -502.183990 507.141907
300155 921.808716 479.863190 600.000000
300156 815.387695 424.463989 771.345093
300157 -752.653992 -391.807007 848.528076
300158 684.191528 356.167511 919.253296
300159 -610.521973 -317.817993 982.982483
300160 900.000000 519.615173 -600.000000
300161 976.557190 563.815613 -410.424011
300162 -1003.820007 -579.554993 -310.583008
300163 1023.442017 590.884705 -208.378006
300164 1039.229980 600.000000 0.000000
300165 1023.442017 590.884705 208.377808
300166 -1003.820007 -579.554993 310.582886
300167 976.557190 563.815613 410.424194
300168 900.000000 519.615173 600.000000
300169 -851.288025 -491.490997 688.291687
300170 796.096680 459.626709 771.345093
300171 519.615173 300.000000 1039.229980
300172 355.437805 205.212097 1127.630981
300173 180.460495 104.188904 1181.769043
300174 876.478088 558.378113 -600.000000
300175 996.694092 634.964172 -208.378006
300176 -1008.219971 -642.306030 -104.586998
300177 1012.070007 644.759521 0.000000
300178 -1008.219971 -642.306030 104.586899
300179 996.694092 634.964172 208.377808
300180 876.478088 558.378113 600.000000
300181 650.545898 414.443390 919.253296
300182 851.287781 596.078125 -600.000000
300183 -890.885010 -623.804016 -507.141998
300184 923.701416 646.782715 -410.424011
300185 968.048706 677.835022 -208.378006
300186 982.982483 688.291687 0.000000
300187 968.048706 677.835022 208.377808
300188 923.701416 646.782715 410.424194
300189 -890.885010 -623.804016 507.141907
300190 851.287781 596.078125 600.000000
300191 753.008179 527.262085 771.345093
300192 -695.073975 -486.696014 848.528076
300193 -563.815979 -394.787994 982.982483
300194 491.491211 344.145905 1039.229980
300195 894.609924 686.458313 -410.424011
300196 -919.585022 -705.622009 -310.583008
300197 937.560608 719.415588 -208.378006
300198 -948.401001 -727.734009 -104.586998
300199 952.023987 730.513672 0.000000
300200 -948.401001 -727.734009 104.586899
300201 937.560608 719.415588 208.377808
300202 -919.585022 -705.622009 310.582886
300203 894.609924 686.458313 410.424194
300204 -779.851990 -598.401978 688.291687
300205 729.292725 559.606018 771.345093
300206 611.949219 469.565186 919.253296
300207 -402.342987 -308.727997 1087.568970
300208 325.611389 249.850403 1127.630981
300209 796.096680 668.004517 -600.000000
300210 -833.125977 -699.075989 -507.141998
300211 863.815613 724.827271 -410.424011
300212 905.287781 759.626709 -208.378006
300213 919.253296 771.345093 0.000000
300214 905.287781 759.626709 208.377808
300215 863.815613 724.827271 410.424194
300216 -833.125977 -699.075989 507.141907
300217 796.096680 668.004517 600.000000
300218 590.884705 495.811096 919.253296
300219 459.626709 385.672607 1039.229980
300220 766.201111 702.093872 -600.000000
300221 831.376892 761.816589 -410.424011
300222 -854.585999 -783.083984 -310.583008
300223 871.291687 798.391785 -208.378006
300224 -881.366028 -807.622986 -104.586998
300225 884.732788 810.708191 0.000000
300226 -881.366028 -807.622986 104.586899
300227 871.291687 798.391785 208.377808
300228 -854.585999 -783.083984 310.582886
300229 831.376892 761.816589 410.424194
300230 766.201111 702.093872 600.000000
300231 -724.731018 -664.093018 688.291687
300232 677.744629 621.038513 771.345093
300233 -625.601013 -573.257019 848.528076
300234 734.846924 734.846924 -600.000000
300235 -769.028015 -769.028015 -507.141998
300236 797.355591 797.355591 -410.424011
300237 835.637085 835.637085 -208.378006
300238 848.528076 848.528076 0.000000
300239 835.637085 835.637085 208.377808
300240 797.355591 797.355591 410.424194
300241 -769.028015 -769.028015 507.141907
300242 734.846924 734.846924 600.000000
300243 650.010315 650.010315 771.345093
300244 545.423401 545.423401 919.253296
300245 -486.696014 -486.696014 982.982483
300246 424.264099 424.264099 1039.229980
300247 290.213715 290.213715 1127.630981
300248 147.345398 147.345398 1181.769043
300249 -783.083984 -854.585999 -310.583008
300250 -807.622986 -881.366028 -104.586998
300251 -807.622986 -881.366028 104.586899
300252 -783.083984 -854.585999 310.582886
300253 668.004517 796.096680 -600.000000
300254 -699.075989 -833.125977 -507.141998
300255 724.827271 863.815613 -410.424011
300256 759.626709 905.287781 -208.378006
300257 771.345093 919.253296 0.000000
300258 759.626709 905.287781 208.377808
300259 724.827271 863.815613 410.424194
300260 -699.075989 -833.125977 507.141907
300261 668.004517 796.096680 600.000000
300262 -631.848999 -753.007996 688.291687
300263 -545.422974 -650.010010 848.528076
300264 -325.984985 -388.493011 1087.568970
300265 -705.622009 -919.585022 -310.583008
300266 -727.734009 -948.401001 -104.586998
300267 -727.734009 -948.401001 104.586899
300268 -705.622009 -919.585022 310.582886
300269 559.606018 729.292725 771.345093
300270 469.565186 611.949219 919.253296
300271 646.782715 923.701416 -410.424011
300272 677.835022 968.048706 -208.378006
300273 688.291687 982.982483 0.000000
300274 677.835022 968.048706 208.377808
300275 646.782715 923.701416 410.424194
300276 -563.815979 -805.211975 688.291687
300277 -394.787994 -563.815979 982.982483
300278 344.145905 491.491211 1039.229980
300279 558.378113 876.478088 -600.000000
300280 -584.351013 -917.247009 -507.141998
300281 -622.789978 -977.583984 -310.583008
300282 -642.306030 -1008.219971 -104.586998
300283 -642.306030 -1008.219971 104.586899
300284 -622.789978 -977.583984 310.582886
300285 -584.351013 -917.247009 507.141907
300286 558.378113 876.478088 600.000000
300287 493.914490 775.290405 771.345093
300288 -455.914001 -715.640991 848.528076
300289 563.815613 976.557190 -410.424011
300290 590.884705 1023.442017 -208.378006
300291 600.000000 1039.229980 0.000000
300292 590.884705 1023.442017 208.377808
300293 563.815613 976.557190 410.424194
300294 385.672607 668.004517 919.253296
300295 205.212097 355.437805 1127.630981
300296 479.863190 921.808716 -600.000000
300297 -502.183990 -964.685974 -507.141998
300298 -535.218018 -1028.140015 -310.583008
300299 -551.989990 -1060.359985 -104.586998
300300 -551.989990 -1060.359985 104.586899
300301 -535.218018 -1028.140015 310.582886
300302 -502.183990 -964.685974 507.141907
300303 479.863190 921.808716 600.000000
300304 -453.890991 -871.916016 688.291687
300305 -317.817993 -610.521973 982.982483
300306 -234.171997 -449.839996 1087.568970
300307 499.437286 1071.046997 -208.378006
300308 507.141907 1087.568970 0.000000
300309 499.437286 1071.046997 208.377808
300310 388.493195 833.126526 771.345093
300311 -358.602997 -769.028015 848.528076
300312 253.570999 543.784729 1039.229980
300313 397.696289 960.123779 -600.000000
300314 -416.195007 -1004.780029 -507.141998
300315 431.525787 1041.795044 -410.424011
300316 -443.572998 -1070.880005 -310.583008
300317 -443.572998 -1070.880005 310.582886
300318 431.525787 1041.795044 410.424194
300319 -416.195007 -1004.780029 507.141907
300320 397.696289 960.123779 600.000000
300321 -376.170990 -908.156982 688.291687
300322 404.188904 1110.500000 -208.378006
300323 -408.862000 -1123.339966 -104.586998
300324 410.424194 1127.630981 0.000000
300325 -408.862000 -1123.339966 104.586899
300326 404.188904 1110.500000 208.377808
300327 -290.213989 -797.356018 848.528076
300328 263.815613 724.827271 919.253296
300329 -327.037994 -1037.229980 -507.141998
300330 339.085205 1075.441040 -410.424011
300331 -348.550995 -1105.459961 -310.583008
300332 -348.550995 -1105.459961 310.582886
300333 339.085205 1075.441040 410.424194
300334 -327.037994 -1037.229980 507.141907
300335 -295.588989 -937.487000 688.291687
300336 276.424805 876.707520 771.345093
300337 -206.973007 -656.434998 982.982483
300338 -152.501007 -483.670013 1087.568970
300339 268.972595 1003.820007 -600.000000
300340 305.864410 1141.500977 -208.378006
300341 -309.401001 -1154.699951 -104.586998
300342 310.582886 1159.110962 0.000000
300343 -309.401001 -1154.699951 104.586899
300344 305.864410 1141.500977 208.377808
300345 268.972595 1003.820007 600.000000
300346 155.291397 579.555481 1039.229980
300347 106.225601 396.439301 1127.630981
300348 53.932152 201.277496 1181.769043
300349 244.063995 1100.901978 -410.424011
300350 -250.878006 -1131.640015 -310.583008
300351 -250.878006 -1131.640015 310.582886
300352 244.063995 1100.901978 410.424194
300353 198.962799 897.463379 771.345093
300354 -183.654999 -828.414978 848.528076
300355 166.949600 753.061218 919.253296
300356 180.460495 1023.442017 -600.000000
300357 -188.854004 -1071.050049 -507.141998
300358 205.212097 1163.816040 -208.378006
300359 -207.585007 -1177.270020 -104.586998
300360 208.377808 1181.769043 0.000000
300361 -207.585007 -1177.270020 104.586899
300362 205.212097 1163.816040 208.377808
300363 -188.854004 -1071.050049 507.141907
300364 180.460495 1023.442017 600.000000
300365 -170.692993 -968.049011 688.291687
300366 -119.521004 -677.835022 982.982483
300367 147.185394 1117.984009 -410.424011
300368 -151.294006 -1149.189941 -310.583008
300369 -151.294006 -1149.189941 310.582886
300370 147.185394 1117.984009 410.424194
300371 90.574898 1035.276001 -600.000000
300372 -94.787903 -1083.430054 -507.141998
300373 102.998001 1177.271973 -208.378006
300374 -104.189003 -1190.880005 -104.586998
300375 104.586899 1195.433960 0.000000
300376 -104.189003 -1190.880005 104.586899
300377 102.998001 1177.271973 208.377808
300378 -94.787903 -1083.430054 507.141907
300379 90.574898 1035.276001 600.000000
300380 -85.672600 -979.242004 688.291687
300381 80.118210 915.755310 771.345093
300382 -73.954102 -845.299011 848.528076
300383 67.227158 768.409912 919.253296
300384 52.293449 597.716797 1039.229980
300385 -44.200298 -505.212006 1087.568970
300386 49.186581 1126.557983 -410.424011
300387 -50.559700 -1158.010010 -310.583008
300388 -50.559700 -1158.010010 310.582886
300389 49.186581 1126.557983 410.424194
300390 0.000000 1039.229980 -600.000000
300391 0.000000 -1087.569946 -507.141998
300392 0.000000 1127.630981 -410.424011
300393 0.000000 -1159.109985 -310.583008
300394 0.000000 1181.769043 -208.378006
300395 0.000000 -1195.430054 -104.586998
300396 0.000000 1200.000000 0.000000
300397 0.000000 -1195.430054 104.586899
300398 0.000000 1181.769043 208.377808
300399 0.000000 -1159.109985 310.582886
300400 0.000000 1127.630981 410.424194
300401 0.000000 -1087.569946 507.141907
300402 0.000000 1039.229980 600.000000
300403 0.000000 -982.981995 688.291687
300404 0.000000 919.253296 771.345093
300405 0.000000 -848.528015 848.528076
300406 0.000000 771.345093 919.253296
300407 0.000000 -688.291992 982.982483
300408 0.000000 600.000000 1039.229980
300409 0.000000 -507.141998 1087.568970
300410 0.000000 410.424194 1127.630981
300411 0.000000 208.377808 1181.769043
300412 -45.330601 1038.240967 -600.000000
300413 -49.186600 1126.557983 -410.424011
300414 50.559711 -1158.010010 -310.583008
300415 50.559711 -1158.010010 310.582886
300416 -49.186600 1126.557983 410.424194
300417 -45.330601 1038.240967 600.000000
300418 42.877090 -982.046997 688.291687
300419 37.012280 -847.721008 848.528076
300420 -33.645599 770.611023 919.253296
300421 94.787910 -1083.430054 -507.141998
300422 -102.998001 1177.271973 -208.378006
300423 104.188904 -1190.880005 -104.586998
300424 -104.586998 1195.433960 0.000000
300425 104.188904 -1190.880005 104.586899
300426 -102.998001 1177.271973 208.377808
300427 94.787910 -1083.430054 507.141907
300428 -52.293400 597.716797 1039.229980
300429 -135.647003 1030.339966 -600.000000
300430 151.294296 -1149.189941 -310.583008
300431 151.294296 -1149.189941 310.582886
300432 -135.647003 1030.339966 600.000000
300433 128.304993 -974.572998 688.291687
300434 -119.987000 911.388977 771.345093
300435 66.195297 -502.803009 1087.568970
300436 -195.811005 1110.500000 -410.424011
300437 -205.212006 1163.816040 -208.378006
300438 207.584900 -1177.270020 -104.586998
300439 -208.378006 1181.769043 0.000000
300440 207.584900 -1177.270020 104.586899
300441 -205.212006 1163.816040 208.377808
300442 -195.811005 1110.500000 410.424194
300443 147.345398 -835.637024 848.528076
300444 -133.942993 759.626709 919.253296
300445 119.520599 -677.835022 982.982483
300446 -224.931000 1014.596985 -600.000000
300447 235.393097 -1061.790039 -507.141998
300448 235.393097 -1061.790039 507.141907
300449 -224.931000 1014.596985 600.000000
300450 -291.851990 1089.208008 -410.424011
300451 300.000000 -1119.619995 -310.583008
300452 -305.864014 1141.500977 -208.378006
300453 309.401001 -1154.699951 -104.586998
300454 -310.583008 1159.110962 0.000000
300455 309.401001 -1154.699951 104.586899
300456 -305.864014 1141.500977 208.377808
300457 300.000000 -1119.619995 310.582886
300458 -291.851990 1089.208008 410.424194
300459 254.414597 -949.487976 688.291687
300460 -237.919998 887.930481 771.345093
300461 -155.291000 579.555481 1039.229980
300462 -106.225998 396.439301 1127.630981
300463 -53.932098 201.277496 1181.769043
300464 327.038391 -1037.229980 -507.141998
300465 327.038391 -1037.229980 507.141907
300466 255.157303 -809.255981 848.528076
300467 -231.947998 735.644897 919.253296
300468 206.973297 -656.434998 982.982483
300469 -355.437988 976.557190 -600.000000
300470 -385.673004 1059.626953 -410.424011
300471 396.439301 -1089.209961 -310.583008
300472 -404.188995 1110.500000 -208.378006
300473 408.862396 -1123.339966 -104.586998
300474 -410.424011 1127.630981 0.000000
300475 408.862396 -1123.339966 104.586899
300476 -404.188995 1110.500000 208.377808
300477 396.439301 -1089.209961 310.582886
300478 -385.673004 1059.626953 410.424194
300479 -355.437988 976.557190 600.000000
300480 336.199799 -923.700989 688.291687
300481 -314.403015 863.815613 771.345093
300482 173.452805 -476.558014 1087.568970
300483 416.194794 -1004.780029 -507.141998
300484 416.194794 -1004.780029 507.141907
300485 324.717712 -783.937988 848.528076
300486 -439.197998 941.862671 -600.000000
300487 -476.558014 1021.981018 -410.424011
300488 489.861511 -1050.510010 -310.583008
300489 505.212097 -1083.430054 -104.586998
300490 -507.141998 1087.568970 0.000000
300491 505.212097 -1083.430054 104.586899
300492 489.861511 -1050.510010 310.582886
300493 -476.558014 1021.981018 410.424194
300494 -439.197998 941.862671 600.000000
300495 -253.570999 543.784729 1039.229980
300496 502.183594 -964.685974 -507.141998
300497 -545.679993 1048.241943 -208.378006
300498 -545.679993 1048.241943 208.377808
300499 502.183594 -964.685974 507.141907
300500 453.890808 -871.916016 688.291687
300501 -424.463989 815.387695 771.345093
300502 -356.167999 684.191528 919.253296
300503 317.817688 -610.521973 982.982483
300504 -563.815979 976.557190 -410.424011
300505 579.555481 -1003.820007 -310.583008
300506 597.716797 -1035.280029 -104.586998
300507 -600.000000 1039.229980 0.000000
300508 597.716797 -1035.280029 104.586899
300509 579.555481 -1003.820007 310.582886
300510 -563.815979 976.557190 410.424194
300511 424.264099 -734.846985 848.528076
300512 -205.212006 355.437805 1127.630981
300513 -558.377991 876.478088 -600.000000
300514 -634.963989 996.694092 -208.378006
300515 -634.963989 996.694092 208.377808
300516 -558.377991 876.478088 600.000000
300517 528.156128 -829.039001 688.291687
300518 272.487213 -427.718994 1087.568970
300519 623.804077 -890.885010 -507.141998
300520 -646.783020 923.701416 -410.424011
300521 664.838806 -949.487976 -310.583008
300522 685.672607 -979.242004 -104.586998
300523 -688.291992 982.982483 0.000000
300524 685.672607 -979.242004 104.586899
300525 664.838806 -949.487976 310.582886
300526 -646.783020 923.701416 410.424194
300527 623.804077 -890.885010 507.141907
300528 -527.262024 753.008179 771.345093
300529 -442.424988 631.848877 919.253296
300530 394.787903 -563.815979 982.982483
300531 -344.145996 491.491211 1039.229980
300532 -632.643005 824.476990 -600.000000
300533 -719.416016 937.560608 -208.378006
300534 -719.416016 937.560608 208.377808
300535 -632.643005 824.476990 600.000000
300536 516.551208 -673.182983 848.528076
300537 699.076111 -833.125977 -507.141998
300538 745.062195 -887.931030 -310.583008
300539 768.409912 -915.755005 -104.586998
300540 -771.344971 919.253296 0.000000
300541 768.409912 -915.755005 104.586899
300542 745.062195 -887.931030 310.582886
300543 699.076111 -833.125977 507.141907
300544 631.848877 -753.007996 688.291687
300545 -590.885010 704.188904 771.345093
300546 -702.093994 766.201111 -600.000000
300547 -761.817017 831.376892 -410.424011
300548 -798.392029 871.291687 -208.378006
300549 -798.392029 871.291687 208.377808
300550 -761.817017 831.376892 410.424194
300551 -702.093994 766.201111 600.000000
300552 -521.112976 568.695312 919.253296
300553 769.027710 -769.028015 -507.141998
300554 819.615173 -819.614990 -310.583008
300555 845.299194 -845.299011 -104.586998
300556 -848.528015 848.528076 0.000000
300557 845.299194 -845.299011 104.586899
300558 819.615173 -819.614990 310.582886
300559 769.027710 -769.028015 507.141907
300560 695.073608 -695.073975 688.291687
300561 600.000000 -600.000000 848.528076
300562 486.695709 -486.696014 982.982483
300563 -424.264008 424.264099 1039.229980
300564 358.603485 -358.602997 1087.568970
300565 -290.213989 290.213715 1127.630981
300566 -147.345001 147.345398 1181.769043
300567 801.840210 -734.750977 -507.141998
300568 -831.377014 761.816589 -410.424011
300569 854.586304 -783.083984 -310.583008
300570 -871.291992 798.391785 -208.378006
300571 881.366089 -807.622986 -104.586998
300572 881.366089 -807.622986 104.586899
300573 -871.291992 798.391785 208.377808
300574 854.586304 -783.083984 310.582886
300575 -831.377014 761.816589 410.424194
300576 801.840210 -734.750977 507.141907
300577 724.730713 -664.093018 688.291687
300578 -677.744995 621.038513 771.345093
300579 -796.096985 668.004517 -600.000000
300580 833.126526 -699.075989 -507.141998
300581 887.930481 -745.062012 -310.583008
300582 915.755310 -768.409973 -104.586998
300583 -919.252991 771.345093 0.000000
300584 915.755310 -768.409973 104.586899
300585 887.930481 -745.062012 310.582886
300586 833.126526 -699.075989 507.141907
300587 -796.096985 668.004517 600.000000
300588 650.010315 -545.422974 848.528076
300589 -590.885010 495.811096 919.253296
300590 527.262085 -442.424988 982.982483
300591 862.826782 -662.070007 -507.141998
300592 -894.609985 686.458313 -410.424011
300593 919.584595 -705.622009 -310.583008
300594 -937.560974 719.415588 -208.378006
300595 948.401306 -727.734009 -104.586998
300596 948.401306 -727.734009 104.586899
300597 -937.560974 719.415588 208.377808
300598 919.584595 -705.622009 310.582886
300599 -894.609985 686.458313 410.424194
300600 862.826782 -662.070007 507.141907
300601 779.852417 -598.401978 688.291687
300602 673.182617 -516.551025 848.528076
300603 402.342712 -308.727997 1087.568970
300604 -851.288025 596.078125 -600.000000
300605 949.488098 -664.838989 -310.583008
300606 979.241882 -685.672974 -104.586998
300607 -982.981995 688.291687 0.000000
300608 979.241882 -685.672974 104.586899
300609 949.488098 -664.838989 310.582886
300610 -851.288025 596.078125 600.000000
300611 805.212097 -563.815979 688.291687
300612 -753.007996 527.262085 771.345093
300613 563.815613 -394.787994 982.982483
300614 -491.490997 344.145905 1039.229980
300615 917.246704 -584.351013 -507.141998
300616 -951.033997 605.875793 -410.424011
300617 977.584290 -622.789978 -310.583008
300618 -996.693970 634.964172 -208.378006
300619 1008.218994 -642.306030 -104.586998
300620 1008.218994 -642.306030 104.586899
300621 -996.693970 634.964172 208.377808
300622 977.584290 -622.789978 310.582886
300623 -951.033997 605.875793 410.424194
300624 917.246704 -584.351013 507.141907
300625 829.039001 -528.156006 688.291687
300626 715.641418 -455.914001 848.528076
300627 -650.546021 414.443390 919.253296
300628 580.499390 -369.819000 982.982483
300629 427.719208 -272.487000 1087.568970
300630 -900.000000 519.615173 -600.000000
300631 941.862671 -543.784973 -507.141998
300632 1003.820007 -579.554993 -310.583008
300633 1035.276001 -597.716980 -104.586998
300634 -1039.229980 600.000000 0.000000
300635 1035.276001 -597.716980 104.586899
300636 1003.820007 -579.554993 310.582886
300637 941.862671 -543.784973 507.141907
300638 -900.000000 519.615173 600.000000
300639 851.287781 -491.490997 688.291687
300640 -796.096985 459.626709 771.345093
300641 734.846924 -424.264008 848.528076
300642 -355.437988 205.212097 1127.630981
300643 964.685791 -502.183990 -507.141998
300644 -1000.219971 520.682129 -410.424011
300645 1028.144043 -535.218018 -310.583008
300646 -1048.239990 545.680298 -208.378006
300647 1060.363037 -551.989990 -104.586998
300648 1060.363037 -551.989990 104.586899
300649 -1048.239990 545.680298 208.377808
300650 1028.144043 -535.218018 310.582886
300651 -1000.219971 520.682129 410.424194
300652 964.685791 -502.183990 507.141907
300653 610.522217 -317.817993 982.982483
300654 985.672607 -459.627014 -507.141998
300655 1050.510986 -489.860992 -310.583008
300656 1083.431030 -505.212006 -104.586998
300657 -1087.569946 507.141907 0.000000
300658 1083.431030 -505.212006 104.586899
300659 1050.510986 -489.860992 310.582886
300660 985.672607 -459.627014 507.141907
300661 890.884705 -415.425995 688.291687
300662 769.027710 -358.602997 848.528076
300663 -699.075989 325.984497 919.253296
300664 -543.784973 253.570999 1039.229980
300665 459.626709 -214.326996 1087.568970
300666 -960.124023 397.696289 -600.000000
300667 1004.783020 -416.195007 -507.141998
300668 -1041.800049 431.525787 -410.424011
300669 -1091.810059 452.243500 -208.378006
300670 -1091.810059 452.243500 208.377808
300671 -1041.800049 431.525787 410.424194
300672 1004.783020 -416.195007 507.141907
300673 -960.124023 397.696289 600.000000
300674 908.157410 -376.170990 688.291687
300675 -849.278992 351.782990 771.345093
300676 783.937805 -324.717987 848.528076
300677 635.898621 -263.398010 982.982483
300678 1021.981018 -371.971008 -507.141998
300679 1089.208008 -396.438995 -310.583008
300680 1123.339966 -408.862000 -104.586998
300681 -1127.630005 410.424194 0.000000
300682 1123.339966 -408.862000 104.586899
300683 1089.208008 -396.438995 310.582886
300684 1021.981018 -371.971008 507.141907
300685 923.701416 -336.200012 688.291687
300686 476.557495 -173.453003 1087.568970
300687 -991.132019 312.502594 -600.000000
300688 1037.233032 -327.037994 -507.141998
300689 1105.463989 -348.550995 -310.583008
300690 -1127.069946 355.364899 -208.378006
300691 1140.104980 -359.473999 -104.586998
300692 1140.104980 -359.473999 104.586899
300693 -1127.069946 355.364899 208.377808
300694 1105.463989 -348.550995 310.582886
300695 1037.233032 -327.037994 507.141907
300696 -991.132019 312.502594 600.000000
300697 -876.706970 276.424805 771.345093
300698 809.255676 -255.156998 848.528076
300699 656.435486 -206.973007 982.982483
300700 1050.510986 -281.484009 -507.141998
300701 -1089.209961 291.852386 -410.424011
300702 1119.614990 -300.000000 -310.583008
300703 1154.699951 -309.401001 -104.586998
300704 -1159.109985 310.582886 0.000000
300705 1154.699951 -309.401001 104.586899
300706 1119.614990 -300.000000 310.582886
300707 -1089.209961 291.852386 410.424194
300708 1050.510986 -281.484009 507.141907
300709 949.488098 -254.414993 688.291687
300710 819.615173 -219.615005 848.528076
300711 -745.062012 199.638794 919.253296
300712 -579.554993 155.291397 1039.229980
300713 -396.438995 106.225601 1127.630981
300714 -201.278000 53.932152 1181.769043
300715 -1014.599976 224.930603 -600.000000
300716 1131.635010 -250.878006 -310.583008
300717 -1153.760010 255.781693 -208.378006
300718 1167.097046 -258.739014 -104.586998
300719 1167.097046 -258.739014 104.586899
300720 -1153.760010 255.781693 208.377808
300721 1131.635010 -250.878006 310.582886
300722 -1014.599976 224.930603 600.000000
300723 959.681824 -212.755997 688.291687
300724 671.976501 -148.973999 982.982483
300725 495.120605 -109.765999 1087.568970
300726 1071.046997 -188.854004 -507.141998
300727 -1110.500000 195.811096 -410.424011
300728 1141.500977 -201.278000 -310.583008
300729 1177.271973 -207.585007 -104.586998
300730 -1181.770020 208.377808 0.000000
300731 1177.271973 -207.585007 104.586899
300732 1141.500977 -201.278000 310.582886
300733 -1110.500000 195.811096 410.424194
300734 1071.046997 -188.854004 507.141907
300735 968.048706 -170.692993 688.291687
300736 -905.288025 159.626694 771.345093
300737 835.637085 -147.345001 848.528076
300738 677.835022 -119.521004 982.982483
300739 1078.265015 -141.955994 -507.141998
300740 1149.194946 -151.294006 -310.583008
300741 -1171.660034 154.251801 -208.378006
300742 1185.207031 -156.035004 -104.586998
300743 1185.207031 -156.035004 104.586899
300744 -1171.660034 154.251801 208.377808
300745 1149.194946 -151.294006 310.582886
300746 1078.265015 -141.955994 507.141907
300747 974.572876 -128.304993 688.291687
300748 841.268921 -110.754997 848.528076
300749 -764.745972 100.680702 919.253296
300750 502.803192 -66.195297 1087.568970
300751 -1035.280029 90.574898 -600.000000
300752 1083.431030 -94.787903 -507.141998
300753 -1123.339966 98.279533 -410.424011
300754 1154.699951 -101.023003 -310.583008
300755 1190.885010 -104.189003 -104.586998
300756 -1195.430054 104.586899 0.000000
300757 1190.885010 -104.189003 104.586899
300758 1154.699951 -101.023003 310.582886
300759 -1123.339966 98.279533 410.424194
300760 1083.431030 -94.787903 507.141907
300761 -1035.280029 90.574898 600.000000
300762 685.672607 -59.988602 982.982483
300763 -597.716980 52.293449 1039.229980
300764 1086.534058 -47.439098 -507.141998
300765 1158.008057 -50.559700 -310.583008
300766 -1180.640015 51.548050 -208.378006
300767 1194.296021 -52.144100 -104.586998
300768 1194.296021 -52.144100 104.586899
300769 -1180.640015 51.548050 208.377808
300770 1158.008057 -50.559700 310.582886
300771 1086.534058 -47.439098 507.141907
300772 982.046875 -42.877102 688.291687
300773 -918.377991 40.097271 771.345093
300774 847.720520 -37.012299 848.528076
300775 -1039.229980 0.000000 -600.000000
300776 1087.568970 0.000000 -507.141998
300777 -1127.630005 0.000000 -410.424011
300778 1159.110962 0.000000 -310.583008
300779 -1181.770020 0.000000 -208.378006
300780 1195.433960 0.000000 -104.586998
300781 -1200.000000 0.000000 0.000000
300782 1195.433960 0.000000 104.586899
300783 -1181.770020 0.000000 208.377808
300784 1159.110962 0.000000 310.582886
300785 -1127.630005 0.000000 410.424194
300786 1087.568970 0.000000 507.141907
300787 -1039.229980 0.000000 600.000000
300788 982.982483 0.000000 688.291687
300789 -919.252991 0.000000 771.345093
300790 848.528076 0.000000 848.528076
300791 -771.344971 0.000000 919.253296
300792 688.291687 0.000000 982.982483
300793 -600.000000 0.000000 1039.229980
300794 507.141907 0.000000 1087.568970
300795 -410.424011 0.000000 1127.630981
300796 -208.378006 0.000000 1181.769043
300797 1086.534058 47.439110 -507.141998
300798 1158.008057 50.559711 -310.583008
300799 -1180.640015 -51.548100 -208.378006
300800 1194.296021 52.144081 -104.586998
300801 1194.296021 52.144081 104.586899
300802 -1180.640015 -51.548100 208.377808
300803 1158.008057 50.559711 310.582886
300804 1086.534058 47.439110 507.141907
300805 982.046875 42.877090 688.291687
300806 -918.377991 -40.097301 771.345093
300807 -1035.280029 -90.574898 -600.000000
300808 1083.431030 94.787910 -507.141998
300809 -1123.339966 -98.279503 -410.424011
300810 1154.699951 101.023201 -310.583008
300811 1190.885010 104.188904 -104.586998
300812 -1195.430054 -104.586998 0.000000
300813 1190.885010 104.188904 104.586899
300814 1154.699951 101.023201 310.582886
300815 -1123.339966 -98.279503 410.424194
300816 1083.431030 94.787910 507.141907
300817 -1035.280029 -90.574898 600.000000
300818 845.299194 73.954102 848.528076
300819 685.672607 59.988579 982.982483
300820 -597.716980 -52.293400 1039.229980
300821 1078.265015 141.956299 -507.141998
300822 1149.194946 151.294296 -310.583008
300823 -1171.660034 -154.251999 -208.378006
300824 1185.207031 156.035400 -104.586998
300825 1185.207031 156.035400 104.586899
300826 -1171.660034 -154.251999 208.377808
300827 1149.194946 151.294296 310.582886
300828 1078.265015 141.956299 507.141907
300829 974.572876 128.304993 688.291687
300830 841.268921 110.755096 848.528076
300831 -764.745972 -100.681000 919.253296
300832 502.803192 66.195297 1087.568970
300833 -1110.500000 -195.811005 -410.424011
300834 1141.500977 201.277496 -310.583008
300835 1177.271973 207.584900 -104.586998
300836 -1181.770020 -208.378006 0.000000
300837 1177.271973 207.584900 104.586899
300838 1141.500977 201.277496 310.582886
300839 -1110.500000 -195.811005 410.424194
300840 968.048706 170.693100 688.291687
300841 -905.288025 -159.626999 771.345093
300842 677.835022 119.520599 982.982483
300843 -1014.599976 -224.931000 -600.000000
300844 1061.790039 235.393097 -507.141998
300845 1131.635010 250.877502 -310.583008
300846 -1153.760010 -255.781998 -208.378006
300847 1167.097046 258.739197 -104.586998
300848 1167.097046 258.739197 104.586899
300849 -1153.760010 -255.781998 208.377808
300850 1131.635010 250.877502 310.582886
300851 1061.790039 235.393097 507.141907
300852 -1014.599976 -224.931000 600.000000
300853 959.681824 212.756302 688.291687
300854 828.414612 183.655106 848.528076
300855 671.976501 148.973602 982.982483
300856 495.120605 109.765602 1087.568970
300857 1050.510986 281.483704 -507.141998
300858 -1089.209961 -291.851990 -410.424011
300859 1119.614990 300.000000 -310.583008
300860 1154.699951 309.401001 -104.586998
300861 -1159.109985 -310.583008 0.000000
300862 1154.699951 309.401001 104.586899
300863 1119.614990 300.000000 310.582886
300864 -1089.209961 -291.851990 410.424194
300865 1050.510986 281.483704 507.141907
300866 949.488098 254.414597 688.291687
300867 819.615173 219.615204 848.528076
300868 -745.062012 -199.639008 919.253296
300869 -579.554993 -155.291000 1039.229980
300870 -396.438995 -106.225998 1127.630981
300871 -201.278000 -53.932098 1181.769043
300872 -991.132019 -312.502991 -600.000000
300873 1037.233032 327.038391 -507.141998
300874 1105.463989 348.551392 -310.583008
300875 -1127.069946 -355.364990 -208.378006
300876 1140.104980 359.473785 -104.586998
300877 1140.104980 359.473785 104.586899
300878 -1127.069946 -355.364990 208.377808
300879 1105.463989 348.551392 310.582886
300880 1037.233032 327.038391 507.141907
300881 -991.132019 -312.502991 600.000000
300882 -876.706970 -276.424988 771.345093
300883 656.435486 206.973297 982.982483
300884 1021.981018 371.970612 -507.141998
300885 1089.208008 396.439301 -310.583008
300886 1123.339966 408.862396 -104.586998
300887 -1127.630005 -410.424011 0.000000
300888 1123.339966 408.862396 104.586899
300889 1089.208008 396.439301 310.582886
300890 1021.981018 371.970612 507.141907
300891 923.701416 336.199799 688.291687
300892 797.355591 290.213715 848.528076
300893 476.557495 173.452805 1087.568970
300894 -960.124023 -397.696014 -600.000000
300895 1004.783020 416.194794 -507.141998
300896 -1041.800049 -431.526001 -410.424011
300897 -1091.810059 -452.243988 -208.378006
300898 -1091.810059 -452.243988 208.377808
300899 -1041.800049 -431.526001 410.424194
300900 1004.783020 416.194794 507.141907
300901 -960.124023 -397.696014 600.000000
300902 908.157410 376.171112 688.291687
300903 -849.278992 -351.782990 771.345093
300904 783.937805 324.717712 848.528076
300905 635.898621 263.397797 982.982483
300906 985.672607 459.626709 -507.141998
300907 1050.510986 489.861511 -310.583008
300908 1083.431030 505.212097 -104.586998
300909 -1087.569946 -507.141998 0.000000
300910 1083.431030 505.212097 104.586899
300911 1050.510986 489.861511 310.582886
300912 985.672607 459.626709 507.141907
300913 890.884705 415.426300 688.291687
300914 -699.075989 -325.984985 919.253296
300915 -543.784973 -253.570999 1039.229980
300916 459.626709 214.327393 1087.568970
300917 964.685791 502.183594 -507.141998
300918 -1000.219971 -520.682007 -410.424011
300919 1028.144043 535.217896 -310.583008
300920 -1048.239990 -545.679993 -208.378006
300921 1060.363037 551.989807 -104.586998
300922 1060.363037 551.989807 104.586899
300923 -1048.239990 -545.679993 208.377808
300924 1028.144043 535.217896 310.582886
300925 -1000.219971 -520.682007 410.424194
300926 964.685791 502.183594 507.141907
300927 752.653687 391.806702 848.528076
300928 610.522217 317.817688 982.982483
300929 -900.000000 -519.614990 -600.000000
300930 941.862671 543.784729 -507.141998
300931 1003.820007 579.555481 -310.583008
300932 1035.276001 597.716797 -104.586998
300933 -1039.229980 -600.000000 0.000000
300934 1035.276001 597.716797 104.586899
300935 1003.820007 579.555481 310.582886
300936 941.862671 543.784729 507.141907
300937 -900.000000 -519.614990 600.000000
300938 851.287781 491.491211 688.291687
300939 -796.096985 -459.627014 771.345093
300940 734.846924 424.264099 848.528076
300941 -355.437988 -205.212006 1127.630981
300942 -951.033997 -605.875977 -410.424011
300943 977.584290 622.789917 -310.583008
300944 -996.693970 -634.963989 -208.378006
300945 1008.218994 642.306030 -104.586998
300946 1008.218994 642.306030 104.586899
300947 -996.693970 -634.963989 208.377808
300948 977.584290 622.789917 310.582886
300949 -951.033997 -605.875977 410.424194
300950 829.039001 528.156128 688.291687
300951 -650.546021 -414.442993 919.253296
300952 580.499390 369.818909 982.982483
300953 427.719208 272.487213 1087.568970
300954 -851.288025 -596.078003 -600.000000
300955 890.884705 623.804077 -507.141998
300956 949.488098 664.838806 -310.583008
300957 979.241882 685.672607 -104.586998
300958 -982.981995 -688.291992 0.000000
300959 979.241882 685.672607 104.586899
300960 949.488098 664.838806 310.582886
300961 890.884705 623.804077 507.141907
300962 -851.288025 -596.078003 600.000000
300963 805.212097 563.815613 688.291687
300964 -753.007996 -527.262024 771.345093
300965 695.073608 486.695709 848.528076
300966 563.815613 394.787903 982.982483
300967 -491.490997 -344.145996 1039.229980
300968 862.826782 662.070312 -507.141998
300969 -894.609985 -686.458008 -410.424011
300970 919.584595 705.622070 -310.583008
300971 -937.560974 -719.416016 -208.378006
300972 948.401306 727.733887 -104.586998
300973 948.401306 727.733887 104.586899
300974 -937.560974 -719.416016 208.377808
300975 919.584595 705.622070 310.582886
300976 -894.609985 -686.458008 410.424194
300977 862.826782 662.070312 507.141907
300978 779.852417 598.401794 688.291687
300979 673.182617 516.551208 848.528076
300980 402.342712 308.728394 1087.568970
300981 -796.096985 -668.004028 -600.000000
300982 833.126526 699.076111 -507.141998
300983 887.930481 745.062195 -310.583008
300984 915.755310 768.409912 -104.586998
300985 -919.252991 -771.344971 0.000000
300986 915.755310 768.409912 104.586899
300987 887.930481 745.062195 310.582886
300988 833.126526 699.076111 507.141907
300989 -796.096985 -668.004028 600.000000
300990 -590.885010 -495.811005 919.253296
300991 527.262085 442.425415 982.982483
300992 801.840210 734.751221 -507.141998
300993 -831.377014 -761.817017 -410.424011
300994 854.586304 783.083984 -310.583008
300995 -871.291992 -798.392029 -208.378006
300996 881.366089 807.623291 -104.586998
300997 881.366089 807.623291 104.586899
300998 -871.291992 -798.392029 208.377808
300999 854.586304 783.083984 310.582886
301000 -831.377014 -761.817017 410.424194
301001 801.840210 734.751221 507.141907
301002 724.730713 664.093323 688.291687
301003 -677.744995 -621.039001 771.345093
301004 625.600586 573.257324 848.528076
301005 769.027710 769.027710 -507.141998
301006 819.615173 819.615173 -310.583008
301007 845.299194 845.299194 -104.586998
301008 -848.528015 -848.528015 0.000000
301009 845.299194 845.299194 104.586899
301010 819.615173 819.615173 310.582886
301011 769.027710 769.027710 507.141907
301012 695.073608 695.073608 688.291687
301013 600.000000 600.000000 848.528076
301014 486.695709 486.695709 982.982483
301015 -424.264008 -424.264008 1039.229980
301016 358.603485 358.603485 1087.568970
301017 -290.213989 -290.213989 1127.630981
301018 -147.345001 -147.345001 1181.769043
301019 -702.093994 -766.200989 -600.000000
301020 -761.817017 -831.377014 -410.424011
301021 -798.392029 -871.291992 -208.378006
301022 -798.392029 -871.291992 208.377808
301023 -761.817017 -831.377014 410.424194
301024 -702.093994 -766.200989 600.000000
301025 -521.112976 -568.695007 919.253296
301026 699.076111 833.126526 -507.141998
301027 745.062195 887.930481 -310.583008
301028 768.409912 915.755310 -104.586998
301029 -771.344971 -919.252991 0.000000
301030 768.409912 915.755310 104.586899
301031 745.062195 887.930481 310.582886
301032 699.076111 833.126526 507.141907
301033 631.848877 753.008179 688.291687
301034 -590.885010 -704.189026 771.345093
301035 -632.643005 -824.476990 -600.000000
301036 -719.416016 -937.560974 -208.378006
301037 -719.416016 -937.560974 208.377808
301038 -632.643005 -824.476990 600.000000
301039 516.551208 673.182617 848.528076
301040 -646.783020 -923.700989 -410.424011
301041 664.838806 949.488098 -310.583008
301042 685.672607 979.241882 -104.586998
301043 -688.291992 -982.981995 0.000000
301044 685.672607 979.241882 104.586899
301045 664.838806 949.488098 310.582886
301046 -646.783020 -923.700989 410.424194
301047 -527.262024 -753.007996 771.345093
301048 -442.424988 -631.848999 919.253296
301049 394.787903 563.815613 982.982483
301050 -344.145996 -491.490997 1039.229980
301051 -558.377991 -876.478027 -600.000000
301052 584.350586 917.246704 -507.141998
301053 -634.963989 -996.693970 -208.378006
301054 -634.963989 -996.693970 208.377808
301055 584.350586 917.246704 507.141907
301056 -558.377991 -876.478027 600.000000
301057 528.156128 829.039001 688.291687
301058 272.487213 427.719208 1087.568970
301059 -563.815979 -976.557007 -410.424011
301060 579.555481 1003.820007 -310.583008
301061 597.716797 1035.276001 -104.586998
301062 -600.000000 -1039.229980 0.000000
301063 597.716797 1035.276001 104.586899
301064 579.555481 1003.820007 310.582886
301065 -563.815979 -976.557007 410.424194
301066 424.264099 734.846924 848.528076
301067 -205.212006 -355.437988 1127.630981
301068 502.183594 964.685791 -507.141998
301069 -545.679993 -1048.239990 -208.378006
301070 -545.679993 -1048.239990 208.377808
301071 502.183594 964.685791 507.141907
301072 453.890808 871.916077 688.291687
301073 -424.463989 -815.388000 771.345093
301074 -356.167999 -684.190979 919.253296
301075 317.817688 610.522217 982.982483
301076 -439.197998 -941.862976 -600.000000
301077 -476.558014 -1021.979980 -410.424011
301078 489.861511 1050.510986 -310.583008
301079 505.212097 1083.431030 -104.586998
301080 -507.141998 -1087.569946 0.000000
301081 505.212097 1083.431030 104.586899
301082 489.861511 1050.510986 310.582886
301083 -476.558014 -1021.979980 410.424194
301084 -439.197998 -941.862976 600.000000
301085 -253.570999 -543.784973 1039.229980
301086 416.194794 1004.783020 -507.141998
301087 416.194794 1004.783020 507.141907
301088 324.717712 783.937805 848.528076
301089 -355.437988 -976.557007 -600.000000
301090 -385.673004 -1059.630005 -410.424011
301091 396.439301 1089.208008 -310.583008
301092 -404.188995 -1110.500000 -208.378006
301093 408.862396 1123.339966 -104.586998
301094 -410.424011 -1127.630005 0.000000
301095 408.862396 1123.339966 104.586899
301096 -404.188995 -1110.500000 208.377808
301097 396.439301 1089.208008 310.582886
301098 -385.673004 -1059.630005 410.424194
301099 -355.437988 -976.557007 600.000000
301100 336.199799 923.701416 688.291687
301101 -314.403015 -863.815979 771.345093
301102 173.452805 476.557495 1087.568970
301103 327.038391 1037.233032 -507.141998
301104 327.038391 1037.233032 507.141907
301105 255.157303 809.255676 848.528076
301106 -231.947998 -735.645020 919.253296
301107 206.973297 656.435486 982.982483
301108 -291.851990 -1089.209961 -410.424011
301109 300.000000 1119.614990 -310.583008
301110 -305.864014 -1141.500000 -208.378006
301111 309.401001 1154.699951 -104.586998
301112 -310.583008 -1159.109985 0.000000
301113 309.401001 1154.699951 104.586899
301114 -305.864014 -1141.500000 208.377808
301115 300.000000 1119.614990 310.582886
301116 -291.851990 -1089.209961 410.424194
301117 254.414597 949.488098 688.291687
301118 -237.919998 -887.931030 771.345093
301119 -155.291000 -579.554993 1039.229980
301120 -106.225998 -396.438995 1127.630981
301121 -53.932098 -201.278000 1181.769043
301122 -224.931000 -1014.599976 -600.000000
301123 -224.931000 -1014.599976 600.000000
301124 188.854401 1071.046997 -507.141998
301125 -195.811005 -1110.500000 -410.424011
301126 -205.212006 -1163.819946 -208.378006
301127 207.584900 1177.271973 -104.586998
301128 -208.378006 -1181.770020 0.000000
301129 207.584900 1177.271973 104.586899
301130 -205.212006 -1163.819946 208.377808
301131 -195.811005 -1110.500000 410.424194
301132 188.854401 1071.046997 507.141907
301133 147.345398 835.637085 848.528076
301134 -133.942993 -759.627014 919.253296
301135 119.520599 677.835022 982.982483
301136 -135.647003 -1030.339966 -600.000000
301137 151.294296 1149.194946 -310.583008
301138 151.294296 1149.194946 310.582886
301139 -135.647003 -1030.339966 600.000000
301140 128.304993 974.572876 688.291687
301141 -119.987000 -911.388977 771.345093
301142 66.195297 502.803192 1087.568970
301143 94.787910 1083.431030 -507.141998
301144 -102.998001 -1177.270020 -208.378006
301145 104.188904 1190.885010 -104.586998
301146 -104.586998 -1195.430054 0.000000
301147 104.188904 1190.885010 104.586899
301148 -102.998001 -1177.270020 208.377808
301149 94.787910 1083.431030 507.141907
301150 -52.293400 -597.716980 1039.229980
301151 -45.330601 -1038.239990 -600.000000
301152 -49.186600 -1126.560059 -410.424011
301153 50.559711 1158.008057 -310.583008
301154 50.559711 1158.008057 310.582886
301155 -49.186600 -1126.560059 410.424194
301156 -45.330601 -1038.239990 600.000000
301157 42.877090 982.046875 688.291687
301158 37.012280 847.720520 848.528076
301159 -33.645599 -770.611023 919.253296
301160 0.000000 -1039.229980 -600.000000
301161 0.000000 1087.568970 -507.141998
301162 0.000000 -1127.630005 -410.424011
301163 0.000000 1159.110962 -310.583008
301164 0.000000 -1181.770020 -208.378006
301165 0.000000 1195.433960 -104.586998
301166 0.000000 -1200.000000 0.000000
301167 0.000000 1195.433960 104.586899
301168 0.000000 -1181.770020 208.377808
301169 0.000000 1159.110962 310.582886
301170 0.000000 -1127.630005 410.424194
301171 0.000000 1087.568970 507.141907
301172 0.000000 -1039.229980 600.000000
301173 0.000000 982.982483 688.291687
301174 0.000000 -919.252991 771.345093
301175 0.000000 848.528076 848.528076
301176 0.000000 -771.344971 919.253296
301177 0.000000 688.291687 982.982483
301178 0.000000 -600.000000 1039.229980
301179 0.000000 507.141907 1087.568970
301180 0.000000 -410.424011 1127.630981
301181 0.000000 -208.378006 1181.769043
301182 49.186581 -1126.560059 -410.424011
301183 -50.559700 1158.008057 -310.583008
301184 -50.559700 1158.008057 310.582886
301185 49.186581 -1126.560059 410.424194
301186 90.574898 -1035.280029 -600.000000
301187 -94.787903 1083.431030 -507.141998
301188 102.998001 -1177.270020 -208.378006
301189 -104.189003 1190.885010 -104.586998
301190 104.586899 -1195.430054 0.000000
301191 -104.189003 1190.885010 104.586899
301192 102.998001 -1177.270020 208.377808
301193 -94.787903 1083.431030 507.141907
301194 90.574898 -1035.280029 600.000000
301195 -85.672600 979.241882 688.291687
301196 80.118210 -915.755005 771.345093
301197 -73.954102 845.299194 848.528076
301198 67.227158 -768.409973 919.253296
301199 52.293449 -597.716980 1039.229980
301200 -44.200298 505.212097 1087.568970
301201 147.185394 -1117.979980 -410.424011
301202 -151.294006 1149.194946 -310.583008
301203 -151.294006 1149.194946 310.582886
301204 147.185394 -1117.979980 410.424194
301205 180.460495 -1023.440002 -600.000000
301206 205.212097 -1163.819946 -208.378006
301207 -207.585007 1177.271973 -104.586998
301208 208.377808 -1181.770020 0.000000
301209 -207.585007 1177.271973 104.586899
301210 205.212097 -1163.819946 208.377808
301211 180.460495 -1023.440002 600.000000
301212 -170.692993 968.048706 688.291687
301213 -119.521004 677.835022 982.982483
301214 -235.393005 1061.790039 -507.141998
301215 244.063995 -1100.900024 -410.424011
301216 -250.878006 1131.635010 -310.583008
301217 -250.878006 1131.635010 310.582886
301218 244.063995 -1100.900024 410.424194
301219 -235.393005 1061.790039 507.141907
301220 198.962799 -897.463013 771.345093
301221 -183.654999 828.414612 848.528076
301222 166.949600 -753.060974 919.253296
301223 268.972595 -1003.820007 -600.000000
301224 305.864410 -1141.500000 -208.378006
301225 -309.401001 1154.699951 -104.586998
301226 310.582886 -1159.109985 0.000000
301227 -309.401001 1154.699951 104.586899
301228 305.864410 -1141.500000 208.377808
301229 268.972595 -1003.820007 600.000000
301230 155.291397 -579.554993 1039.229980
301231 106.225601 -396.438995 1127.630981
301232 53.932152 -201.278000 1181.769043
301233 -327.037994 1037.233032 -507.141998
301234 339.085205 -1075.439941 -410.424011
301235 -348.550995 1105.463989 -310.583008
301236 -348.550995 1105.463989 310.582886
301237 339.085205 -1075.439941 410.424194
301238 -327.037994 1037.233032 507.141907
301239 -295.588989 937.487000 688.291687
301240 276.424805 -876.706970 771.345093
301241 -206.973007 656.435486 982.982483
301242 -152.501007 483.669800 1087.568970
301243 404.188904 -1110.500000 -208.378006
301244 -408.862000 1123.339966 -104.586998
301245 410.424194 -1127.630005 0.000000
301246 -408.862000 1123.339966 104.586899
301247 404.188904 -1110.500000 208.377808
301248 -290.213989 797.355591 848.528076
301249 263.815613 -724.827026 919.253296
301250 397.696289 -960.124023 -600.000000
301251 -416.195007 1004.783020 -507.141998
301252 431.525787 -1041.800049 -410.424011
301253 -443.572998 1070.879028 -310.583008
301254 -443.572998 1070.879028 310.582886
301255 431.525787 -1041.800049 410.424194
301256 -416.195007 1004.783020 507.141907
301257 397.696289 -960.124023 600.000000
301258 -376.170990 908.157410 688.291687
301259 499.437286 -1071.050049 -208.378006
301260 507.141907 -1087.569946 0.000000
301261 499.437286 -1071.050049 208.377808
301262 388.493195 -833.125977 771.345093
301263 -358.602997 769.027710 848.528076
301264 253.570999 -543.784973 1039.229980
301265 479.863190 -921.809021 -600.000000
301266 -502.183990 964.685791 -507.141998
301267 -535.218018 1028.144043 -310.583008
301268 -551.989990 1060.363037 -104.586998
301269 -551.989990 1060.363037 104.586899
301270 -535.218018 1028.144043 310.582886
301271 -502.183990 964.685791 507.141907
301272 479.863190 -921.809021 600.000000
301273 -453.890991 871.916077 688.291687
301274 -317.817993 610.522217 982.982483
301275 -234.171997 449.840393 1087.568970
301276 563.815613 -976.557007 -410.424011
301277 590.884705 -1023.440002 -208.378006
301278 600.000000 -1039.229980 0.000000
301279 590.884705 -1023.440002 208.377808
301280 563.815613 -976.557007 410.424194
301281 385.672607 -668.004028 919.253296
301282 205.212097 -355.437988 1127.630981
301283 558.378113 -876.478027 -600.000000
301284 -622.789978 977.584290 -310.583008
301285 -642.306030 1008.218994 -104.586998
301286 -642.306030 1008.218994 104.586899
301287 -622.789978 977.584290 310.582886
301288 558.378113 -876.478027 600.000000
301289 493.914490 -775.289978 771.345093
301290 -455.914001 715.641418 848.528076
301291 -623.804016 890.884705 -507.141998
301292 646.782715 -923.700989 -410.424011
301293 677.835022 -968.049011 -208.378006
301294 688.291687 -982.981995 0.000000
301295 677.835022 -968.049011 208.377808
301296 646.782715 -923.700989 410.424194
301297 -623.804016 890.884705 507.141907
301298 -563.815979 805.212097 688.291687
301299 -394.787994 563.815613 982.982483
301300 344.145905 -491.490997 1039.229980
301301 -705.622009 919.584595 -310.583008
301302 -727.734009 948.401306 -104.586998
301303 -727.734009 948.401306 104.586899
301304 -705.622009 919.584595 310.582886
301305 559.606018 -729.293030 771.345093
301306 469.565186 -611.948975 919.253296
301307 668.004517 -796.096985 -600.000000
301308 -699.075989 833.126526 -507.141998
301309 724.827271 -863.815979 -410.424011
301310 759.626709 -905.288025 -208.378006
301311 771.345093 -919.252991 0.000000
301312 759.626709 -905.288025 208.377808
301313 724.827271 -863.815979 410.424194
301314 -699.075989 833.126526 507.141907
301315 668.004517 -796.096985 600.000000
301316 -631.848999 753.008179 688.291687
301317 -545.422974 650.010315 848.528076
301318 -325.984985 388.493195 1087.568970
301319 -783.083984 854.586304 -310.583008
301320 -807.622986 881.366089 -104.586998
301321 -807.622986 881.366089 104.586899
301322 -783.083984 854.586304 310.582886
301323 734.846924 -734.846985 -600.000000
301324 -769.028015 769.027710 -507.141998
301325 797.355591 -797.356018 -410.424011
301326 835.637085 -835.637024 -208.378006
301327 848.528076 -848.528015 0.000000
301328 835.637085 -835.637024 208.377808
301329 797.355591 -797.356018 410.424194
301330 -769.028015 769.027710 507.141907
301331 734.846924 -734.846985 600.000000
301332 650.010315 -650.010010 771.345093
301333 545.423401 -545.422974 919.253296
301334 -486.696014 486.695709 982.982483
301335 424.264099 -424.264008 1039.229980
301336 290.213715 -290.213989 1127.630981
301337 147.345398 -147.345001 1181.769043
301338 766.201111 -702.093994 -600.000000
301339 831.376892 -761.817017 -410.424011
301340 -854.585999 783.083984 -310.583008
301341 871.291687 -798.392029 -208.378006
301342 -881.366028 807.623291 -104.586998
301343 884.732788 -810.708008 0.000000
301344 -881.366028 807.623291 104.586899
301345 871.291687 -798.392029 208.377808
301346 -854.585999 783.083984 310.582886
301347 831.376892 -761.817017 410.424194
301348 766.201111 -702.093994 600.000000
301349 -724.731018 664.093323 688.291687
301350 677.744629 -621.039001 771.345093
301351 -625.601013 573.257324 848.528076
301352 796.096680 -668.004028 -600.000000
301353 -833.125977 699.076111 -507.141998
301354 863.815613 -724.827026 -410.424011
301355 905.287781 -759.627014 -208.378006
301356 919.253296 -771.344971 0.000000
301357 905.287781 -759.627014 208.377808
301358 863.815613 -724.827026 410.424194
301359 -833.125977 699.076111 507.141907
301360 796.096680 -668.004028 600.000000
301361 590.884705 -495.811005 919.253296
301362 459.626709 -385.673004 1039.229980
301363 894.609924 -686.458008 -410.424011
301364 -919.585022 705.622070 -310.583008
301365 937.560608 -719.416016 -208.378006
301366 -948.401001 727.733887 -104.586998
301367 952.023987 -730.513977 0.000000
301368 -948.401001 727.733887 104.586899
301369 937.560608 -719.416016 208.377808
301370 -919.585022 705.622070 310.582886
301371 894.609924 -686.458008 410.424194
301372 -779.851990 598.401794 688.291687
301373 729.292725 -559.606018 771.345093
301374 611.949219 -469.565002 919.253296
301375 -402.342987 308.728394 1087.568970
301376 325.611389 -249.850006 1127.630981
301377 851.287781 -596.078003 -600.000000
301378 968.048706 -677.835022 -208.378006
301379 982.982483 -688.291992 0.000000
301380 968.048706 -677.835022 208.377808
301381 851.287781 -596.078003 600.000000
301382 753.008179 -527.262024 771.345093
301383 -695.073975 486.695709 848.528076
301384 -563.815979 394.787903 982.982483
301385 491.491211 -344.145996 1039.229980
301386 876.478088 -558.377991 -600.000000
301387 -917.247009 584.350586 -507.141998
301388 951.034485 -605.875977 -410.424011
301389 996.694092 -634.963989 -208.378006
301390 -1008.219971 642.306030 -104.586998
301391 1012.070007 -644.760010 0.000000
301392 -1008.219971 642.306030 104.586899
301393 996.694092 -634.963989 208.377808
301394 951.034485 -605.875977 410.424194
301395 -917.247009 584.350586 507.141907
301396 876.478088 -558.377991 600.000000
301397 650.545898 -414.442993 919.253296
301398 900.000000 -519.614990 -600.000000
301399 976.557190 -563.815979 -410.424011
301400 -1003.820007 579.555481 -310.583008
301401 1023.442017 -590.885010 -208.378006
301402 1039.229980 -600.000000 0.000000
301403 1023.442017 -590.885010 208.377808
301404 -1003.820007 579.555481 310.582886
301405 976.557190 -563.815979 410.424194
301406 900.000000 -519.614990 600.000000
301407 -851.288025 491.491211 688.291687
301408 796.096680 -459.627014 771.345093
301409 519.615173 -300.000000 1039.229980
301410 355.437805 -205.212006 1127.630981
301411 180.460495 -104.189003 1181.769043
301412 921.808716 -479.863007 -600.000000
301413 -964.685974 502.183594 -507.141998
301414 1000.221008 -520.682007 -410.424011
301415 1048.241943 -545.679993 -208.378006
301416 -1060.359985 551.989807 -104.586998
301417 1064.412964 -554.098022 0.000000
301418 -1060.359985 551.989807 104.586899
301419 1048.241943 -545.679993 208.377808
301420 1000.221008 -520.682007 410.424194
301421 -964.685974 502.183594 507.141907
301422 921.808716 -479.863007 600.000000
301423 815.387695 -424.463989 771.345093
301424 -752.653992 391.806702 848.528076
301425 684.191528 -356.167999 919.253296
301426 -610.521973 317.817688 982.982483
301427 941.862671 -439.197998 -600.000000
301428 1021.981018 -476.558014 -410.424011
301429 -1050.510010 489.861511 -310.583008
301430 1071.046997 -499.437012 -208.378006
301431 1087.568970 -507.141998 0.000000
301432 1071.046997 -499.437012 208.377808
301433 -1050.510010 489.861511 310.582886
301434 1021.981018 -476.558014 410.424194
301435 941.862671 -439.197998 600.000000
301436 -890.885010 415.426300 688.291687
301437 833.126526 -388.493011 771.345093
301438 699.076111 -325.984985 919.253296
301439 543.784729 -253.570999 1039.229980
301440 -459.627014 214.327393 1087.568970
301441 -1004.780029 416.194794 -507.141998
301442 1041.795044 -431.526001 -410.424011
301443 -1104.439941 457.472595 -104.586998
301444 1108.655029 -459.220001 0.000000
301445 -1104.439941 457.472595 104.586899
301446 1041.795044 -431.526001 410.424194
301447 -1004.780029 416.194794 507.141907
301448 -783.937988 324.717712 848.528076
301449 379.182495 -157.063004 1127.630981
301450 976.557190 -355.437988 -600.000000
301451 1059.626953 -385.673004 -410.424011
301452 -1089.209961 396.439301 -310.583008
301453 1110.500000 -404.188995 -208.378006
301454 1127.630981 -410.424011 0.000000
301455 1110.500000 -404.188995 208.377808
301456 -1089.209961 396.439301 310.582886
301457 1059.626953 -385.673004 410.424194
301458 976.557190 -355.437988 600.000000
301459 863.815613 -314.403015 771.345093
301460 724.827271 -263.816010 919.253296
301461 563.815613 -205.212006 1039.229980
301462 991.131714 -312.502991 -600.000000
301463 -1037.229980 327.038391 -507.141998
301464 1075.441040 -339.084991 -410.424011
301465 1127.072998 -355.364990 -208.378006
301466 -1140.109985 359.473785 -104.586998
301467 1144.459961 -360.846985 0.000000
301468 -1140.109985 359.473785 104.586899
301469 1127.072998 -355.364990 208.377808
301470 1075.441040 -339.084991 410.424194
301471 -1037.229980 327.038391 507.141907
301472 991.131714 -312.502991 600.000000
301473 -937.487000 295.588501 688.291687
301474 876.707520 -276.424988 771.345093
301475 735.644897 -231.947998 919.253296
301476 -656.434998 206.973297 982.982483
301477 1003.820007 -268.972992 -600.000000
301478 1089.208008 -291.851990 -410.424011
301479 -1119.619995 300.000000 -310.583008
301480 1141.500977 -305.864014 -208.378006
301481 1159.110962 -310.583008 0.000000
301482 1141.500977 -305.864014 208.377808
301483 -1119.619995 300.000000 310.582886
301484 1089.208008 -291.851990 410.424194
301485 1003.820007 -268.972992 600.000000
301486 887.930481 -237.919998 771.345093
301487 -819.614990 219.615204 848.528076
301488 579.555481 -155.291000 1039.229980
301489 396.439301 -106.225998 1127.630981
301490 201.277496 -53.932098 1181.769043
301491 1014.596985 -224.931000 -600.000000
301492 1153.756958 -255.781998 -208.378006
301493 -1167.099976 258.739197 -104.586998
301494 1171.555054 -259.727997 0.000000
301495 -1167.099976 258.739197 104.586899
301496 1153.756958 -255.781998 208.377808
301497 1014.596985 -224.931000 600.000000
301498 -959.682007 212.756302 688.291687
301499 753.061218 -166.949997 919.253296
301500 -495.121002 109.765602 1087.568970
301501 1023.442017 -180.460007 -600.000000
301502 -1071.050049 188.854401 -507.141998
301503 1110.500000 -195.811005 -410.424011
301504 -1141.500000 201.277496 -310.583008
301505 1163.816040 -205.212006 -208.378006
301506 1181.769043 -208.378006 0.000000
301507 1163.816040 -205.212006 208.377808
301508 -1141.500000 201.277496 310.582886
301509 1110.500000 -195.811005 410.424194
301510 -1071.050049 188.854401 507.141907
301511 1023.442017 -180.460007 600.000000
301512 905.287781 -159.626999 771.345093
301513 -677.835022 119.520599 982.982483
301514 590.884705 -104.189003 1039.229980
301515 1117.984009 -147.184998 -410.424011
301516 1171.659058 -154.251999 -208.378006
301517 -1185.209961 156.035400 -104.586998
301518 1189.734009 -156.630997 0.000000
301519 -1185.209961 156.035400 104.586899
301520 1171.659058 -154.251999 208.377808
301521 1117.984009 -147.184998 410.424194
301522 911.388977 -119.987000 771.345093
301523 -841.268982 110.755096 848.528076
301524 764.746216 -100.681000 919.253296
301525 406.912903 -53.571098 1127.630981
301526 1035.276001 -90.574898 -600.000000
301527 -1083.430054 94.787910 -507.141998
301528 1123.339966 -98.279503 -410.424011
301529 -1154.699951 101.023201 -310.583008
301530 1177.271973 -102.998001 -208.378006
301531 1195.433960 -104.586998 0.000000
301532 1177.271973 -102.998001 208.377808
301533 -1154.699951 101.023201 310.582886
301534 1123.339966 -98.279503 410.424194
301535 -1083.430054 94.787910 507.141907
301536 1035.276001 -90.574898 600.000000
301537 -979.242004 85.672569 688.291687
301538 768.409912 -67.227203 919.253296
301539 597.716797 -52.293400 1039.229980
301540 1038.240967 -45.330601 -600.000000
301541 1126.557983 -49.186600 -410.424011
301542 1180.645020 -51.548100 -208.378006
301543 -1194.300049 52.144081 -104.586998
301544 1198.858032 -52.343300 0.000000
301545 -1194.300049 52.144081 104.586899
301546 1180.645020 -51.548100 208.377808
301547 1126.557983 -49.186600 410.424194
301548 1038.240967 -45.330601 600.000000
301549 918.378418 -40.097301 771.345093
