1292
200000 200000 200044 200315 2 0 1
200001 200000 200049 200625 2 0 1
200002 200000 200315 200359 2 0 1
200003 200000 200359 200049 2 0 1
200004 200000 200576 200044 2 0 1
200005 200000 200625 200576 2 0 1
200006 200001 200045 200314 2 0 1
200007 200001 200050 200577 2 0 1
200008 200001 200314 200358 2 0 1
200009 200001 200358 200050 2 0 1
200010 200001 200577 200045 2 0 1
200011 200002 200046 200622 2 0 1
200012 200002 200051 200357 2 0 1
200013 200002 200313 200046 2 0 1
200014 200002 200357 200313 2 0 1
200015 200002 200578 200051 2 0 1
200016 200002 200622 200578 2 0 1
200017 200003 200047 200579 2 0 1
200018 200003 200052 200356 2 0 1
200019 200003 200312 200047 2 0 1
200020 200003 200356 200312 2 0 1
200021 200003 200579 200052 2 0 1
200022 200004 200048 200311 2 0 1
200023 200004 200053 200629 2 0 1
200024 200004 200311 200355 2 0 1
200025 200004 200355 200053 2 0 1
200026 200004 200580 200624 2 0 1
200027 200004 200624 200048 2 0 1
200028 200004 200629 200580 2 0 1
200029 200005 200049 200310 2 0 1
200030 200005 200054 200581 2 0 1
200031 200005 200310 200354 2 0 1
200032 200005 200354 200054 2 0 1
200033 200005 200581 200049 2 0 1
200034 200006 200050 200309 2 0 1
200035 200006 200055 200631 2 0 1
200036 200006 200309 200353 2 0 1
200037 200006 200353 200055 2 0 1
200038 200006 200582 200050 2 0 1
200039 200006 200631 200582 2 0 1
200040 200007 200051 200583 2 0 1
200041 200007 200056 200352 2 0 1
200042 200007 200308 200051 2 0 1
200043 200007 200352 200308 2 0 1
200044 200007 200583 200056 2 0 1
200045 200008 200052 200628 2 0 1
200046 200008 200057 200351 2 0 1
200047 200008 200307 200052 2 0 1
200048 200008 200351 200307 2 0 1
200049 200008 200584 200633 2 0 1
200050 200008 200628 200584 2 0 1
200051 200008 200633 200057 2 0 1
200052 200009 200053 200306 2 0 1
200053 200009 200058 200585 2 0 1
200054 200009 200306 200350 2 0 1
200055 200009 200350 200058 2 0 1
200056 200009 200585 200053 2 0 1
200057 200010 200054 200305 2 0 1
200058 200010 200059 200635 2 0 1
200059 200010 200305 200349 2 0 1
200060 200010 200349 200059 2 0 1
200061 200010 200586 200054 2 0 1
200062 200010 200635 200586 2 0 1
200063 200011 200055 200304 2 0 1
200064 200011 200304 200348 2 0 1
200065 200011 200348 200587 2 0 1
200066 200011 200587 200631 2 0 1
200067 200011 200631 200055 2 0 1
200068 200012 200056 200588 2 0 1
200069 200012 200061 200347 2 0 1
200070 200012 200303 200056 2 0 1
200071 200012 200347 200303 2 0 1
200072 200012 200588 200061 2 0 1
200073 200013 200057 200589 2 0 1
200074 200013 200062 200346 2 0 1
200075 200013 200302 200057 2 0 1
200076 200013 200346 200302 2 0 1
200077 200013 200589 200062 2 0 1
200078 200014 200058 200301 2 0 1
200079 200014 200063 200590 2 0 1
200080 200014 200301 200345 2 0 1
200081 200014 200345 200063 2 0 1
200082 200014 200590 200058 2 0 1
200083 200015 200059 200300 2 0 1
200084 200015 200064 200640 2 0 1
200085 200015 200300 200344 2 0 1
200086 200015 200344 200064 2 0 1
200087 200015 200591 200635 2 0 1
200088 200015 200635 200059 2 0 1
200089 200015 200640 200591 2 0 1
200090 200016 200060 200592 2 0 1
200091 200016 200065 200343 2 0 1
200092 200016 200299 200060 2 0 1
200093 200016 200343 200299 2 0 1
200094 200016 200592 200641 2 0 1
200095 200016 200641 200065 2 0 1
200096 200017 200061 200593 2 0 1
200097 200017 200066 200342 2 0 1
200098 200017 200298 200061 2 0 1
200099 200017 200342 200298 2 0 1
200100 200017 200593 200066 2 0 1
200101 200018 200062 200594 2 0 1
200102 200018 200067 200341 2 0 1
200103 200018 200297 200062 2 0 1
200104 200018 200341 200297 2 0 1
200105 200018 200594 200643 2 0 1
200106 200018 200643 200067 2 0 1
200107 200019 200063 200296 2 0 1
200108 200019 200068 200595 2 0 1
200109 200019 200296 200340 2 0 1
200110 200019 200340 200068 2 0 1
200111 200019 200595 200639 2 0 1
200112 200019 200639 200063 2 0 1
200113 200020 200064 200295 2 0 1
200114 200020 200069 200596 2 0 1
200115 200020 200295 200339 2 0 1
200116 200020 200339 200069 2 0 1
200117 200020 200596 200640 2 0 1
200118 200020 200640 200064 2 0 1
200119 200021 200065 200641 2 0 1
200120 200021 200070 200338 2 0 1
200121 200021 200294 200065 2 0 1
200122 200021 200338 200294 2 0 1
200123 200021 200597 200646 2 0 1
200124 200021 200641 200597 2 0 1
200125 200021 200646 200070 2 0 1
200126 200022 200066 200598 2 0 1
200127 200022 200071 200337 2 0 1
200128 200022 200293 200066 2 0 1
200129 200022 200337 200293 2 0 1
200130 200022 200598 200647 2 0 1
200131 200022 200647 200071 2 0 1
200132 200023 200028 200336 2 0 1
200133 200023 200067 200643 2 0 1
200134 200023 200292 200067 2 0 1
200135 200023 200336 200292 2 0 1
200136 200023 200599 200028 2 0 1
200137 200023 200643 200599 2 0 1
200138 200024 200029 200600 2 0 1
200139 200024 200068 200291 2 0 1
200140 200024 200291 200335 2 0 1
200141 200024 200335 200029 2 0 1
200142 200024 200600 200068 2 0 1
200143 200025 200030 200606 2 0 1
200144 200025 200069 200290 2 0 1
200145 200025 200290 200334 2 0 1
200146 200025 200334 200030 2 0 1
200147 200025 200601 200645 2 0 1
200148 200025 200606 200601 2 0 1
200149 200025 200645 200069 2 0 1
200150 200026 200031 200333 2 0 1
200151 200026 200070 200646 2 0 1
200152 200026 200289 200070 2 0 1
200153 200026 200333 200289 2 0 1
200154 200026 200602 200607 2 0 1
200155 200026 200607 200031 2 0 1
200156 200026 200646 200602 2 0 1
200157 200027 200032 200332 2 0 1
200158 200027 200071 200647 2 0 1
200159 200027 200288 200071 2 0 1
200160 200027 200332 200288 2 0 1
200161 200027 200603 200608 2 0 1
200162 200027 200608 200032 2 0 1
200163 200027 200647 200603 2 0 1
200164 200028 200033 200331 2 0 1
200165 200028 200331 200336 2 0 1
200166 200028 200599 200604 2 0 1
200167 200028 200604 200609 2 0 1
200168 200028 200609 200033 2 0 1
200169 200029 200034 200605 2 0 1
200170 200029 200330 200034 2 0 1
200171 200029 200335 200330 2 0 1
200172 200029 200605 200600 2 0 1
200173 200030 200035 200611 2 0 1
200174 200030 200329 200035 2 0 1
200175 200030 200334 200329 2 0 1
200176 200030 200611 200606 2 0 1
200177 200031 200036 200328 2 0 1
200178 200031 200328 200333 2 0 1
200179 200031 200607 200612 2 0 1
200180 200031 200612 200036 2 0 1
200181 200032 200037 200327 2 0 1
200182 200032 200327 200332 2 0 1
200183 200032 200608 200037 2 0 1
200184 200033 200326 200331 2 0 1
200185 200033 200609 200326 2 0 1
200186 200034 200039 200615 2 0 1
200187 200034 200325 200039 2 0 1
200188 200034 200330 200325 2 0 1
200189 200034 200610 200605 2 0 1
200190 200034 200615 200610 2 0 1
200191 200035 200040 200611 2 0 1
200192 200035 200324 200040 2 0 1
200193 200035 200329 200324 2 0 1
200194 200036 200041 200323 2 0 1
200195 200036 200323 200328 2 0 1
200196 200036 200612 200617 2 0 1
200197 200036 200617 200041 2 0 1
200198 200037 200042 200322 2 0 1
200199 200037 200322 200327 2 0 1
200200 200037 200608 200613 2 0 1
200201 200037 200613 200618 2 0 1
200202 200037 200618 200042 2 0 1
200203 200038 200043 200619 2 0 1
200204 200038 200321 200043 2 0 1
200205 200038 200398 200321 2 0 1
200206 200038 200614 200398 2 0 1
200207 200038 200619 200614 2 0 1
200208 200039 200044 200615 2 0 1
200209 200039 200320 200044 2 0 1
200210 200039 200325 200320 2 0 1
200211 200040 200045 200616 2 0 1
200212 200040 200319 200045 2 0 1
200213 200040 200324 200319 2 0 1
200214 200040 200616 200611 2 0 1
200215 200041 200046 200318 2 0 1
200216 200041 200318 200323 2 0 1
200217 200041 200617 200046 2 0 1
200218 200042 200047 200317 2 0 1
200219 200042 200317 200322 2 0 1
200220 200042 200618 200047 2 0 1
200221 200043 200048 200619 2 0 1
200222 200043 200316 200048 2 0 1
200223 200043 200321 200316 2 0 1
200224 200044 200320 200315 2 0 1
200225 200044 200576 200620 2 0 1
200226 200044 200620 200615 2 0 1
200227 200045 200319 200314 2 0 1
200228 200045 200577 200621 2 0 1
200229 200045 200621 200616 2 0 1
200230 200046 200313 200318 2 0 1
200231 200046 200617 200622 2 0 1
200232 200047 200312 200317 2 0 1
200233 200047 200618 200623 2 0 1
200234 200047 200623 200579 2 0 1
200235 200048 200316 200311 2 0 1
200236 200048 200624 200619 2 0 1
200237 200049 200359 200310 2 0 1
200238 200049 200581 200625 2 0 1
200239 200050 200358 200309 2 0 1
200240 200050 200582 200626 2 0 1
200241 200050 200626 200577 2 0 1
200242 200051 200308 200357 2 0 1
200243 200051 200578 200627 2 0 1
200244 200051 200627 200583 2 0 1
200245 200052 200307 200356 2 0 1
200246 200052 200579 200628 2 0 1
200247 200053 200355 200306 2 0 1
200248 200053 200585 200629 2 0 1
200249 200054 200354 200305 2 0 1
200250 200054 200586 200630 2 0 1
200251 200054 200630 200581 2 0 1
200252 200055 200353 200304 2 0 1
200253 200056 200303 200352 2 0 1
200254 200056 200583 200632 2 0 1
200255 200056 200632 200588 2 0 1
200256 200057 200302 200351 2 0 1
200257 200057 200633 200589 2 0 1
200258 200058 200350 200301 2 0 1
200259 200058 200590 200634 2 0 1
200260 200058 200634 200585 2 0 1
200261 200059 200349 200300 2 0 1
200262 200060 200299 200420 2 0 1
200263 200060 200420 200636 2 0 1
200264 200060 200636 200592 2 0 1
200265 200061 200298 200347 2 0 1
200266 200061 200588 200637 2 0 1
200267 200061 200637 200593 2 0 1
200268 200062 200297 200346 2 0 1
200269 200062 200589 200638 2 0 1
200270 200062 200638 200594 2 0 1
200271 200063 200345 200296 2 0 1
200272 200063 200639 200590 2 0 1
200273 200064 200344 200295 2 0 1
200274 200065 200294 200343 2 0 1
200275 200066 200293 200342 2 0 1
200276 200066 200593 200642 2 0 1
200277 200066 200642 200598 2 0 1
200278 200067 200292 200341 2 0 1
200279 200068 200340 200291 2 0 1
200280 200068 200600 200644 2 0 1
200281 200068 200644 200595 2 0 1
200282 200069 200339 200290 2 0 1
200283 200069 200645 200596 2 0 1
200284 200070 200289 200338 2 0 1
200285 200071 200288 200337 2 0 1
200286 200072 200116 200432 2 0 1
200287 200072 200121 200431 2 0 1
200288 200072 200387 200116 2 0 1
200289 200072 200431 200387 2 0 1
200290 200072 200432 200121 2 0 1
200291 200073 200117 200433 2 0 1
200292 200073 200122 200430 2 0 1
200293 200073 200386 200117 2 0 1
200294 200073 200430 200386 2 0 1
200295 200073 200433 200482 2 0 1
200296 200073 200482 200122 2 0 1
200297 200074 200118 200385 2 0 1
200298 200074 200123 200483 2 0 1
200299 200074 200385 200429 2 0 1
200300 200074 200429 200123 2 0 1
200301 200074 200434 200478 2 0 1
200302 200074 200478 200118 2 0 1
200303 200074 200483 200434 2 0 1
200304 200075 200119 200384 2 0 1
200305 200075 200124 200484 2 0 1
200306 200075 200384 200428 2 0 1
200307 200075 200428 200124 2 0 1
200308 200075 200435 200479 2 0 1
200309 200075 200479 200119 2 0 1
200310 200075 200484 200435 2 0 1
200311 200076 200120 200436 2 0 1
200312 200076 200125 200427 2 0 1
200313 200076 200383 200120 2 0 1
200314 200076 200427 200383 2 0 1
200315 200076 200436 200125 2 0 1
200316 200077 200121 200437 2 0 1
200317 200077 200126 200426 2 0 1
200318 200077 200382 200121 2 0 1
200319 200077 200426 200382 2 0 1
200320 200077 200437 200126 2 0 1
200321 200078 200122 200482 2 0 1
200322 200078 200127 200425 2 0 1
200323 200078 200381 200122 2 0 1
200324 200078 200425 200381 2 0 1
200325 200078 200438 200487 2 0 1
200326 200078 200482 200438 2 0 1
200327 200078 200487 200127 2 0 1
200328 200079 200123 200380 2 0 1
200329 200079 200128 200439 2 0 1
200330 200079 200380 200424 2 0 1
200331 200079 200424 200128 2 0 1
200332 200079 200439 200123 2 0 1
200333 200080 200124 200379 2 0 1
200334 200080 200129 200440 2 0 1
200335 200080 200379 200423 2 0 1
200336 200080 200423 200129 2 0 1
200337 200080 200440 200124 2 0 1
200338 200081 200125 200485 2 0 1
200339 200081 200130 200422 2 0 1
200340 200081 200378 200125 2 0 1
200341 200081 200422 200378 2 0 1
200342 200081 200441 200490 2 0 1
200343 200081 200485 200441 2 0 1
200344 200081 200490 200130 2 0 1
200345 200082 200126 200442 2 0 1
200346 200082 200131 200421 2 0 1
200347 200082 200377 200126 2 0 1
200348 200082 200421 200377 2 0 1
200349 200082 200442 200131 2 0 1
200350 200083 200127 200443 2 0 1
200351 200083 200376 200127 2 0 1
200352 200083 200420 200376 2 0 1
200353 200083 200443 200420 2 0 1
200354 200084 200128 200375 2 0 1
200355 200084 200133 200444 2 0 1
200356 200084 200375 200419 2 0 1
200357 200084 200419 200133 2 0 1
200358 200084 200444 200128 2 0 1
200359 200085 200129 200374 2 0 1
200360 200085 200134 200445 2 0 1
200361 200085 200374 200418 2 0 1
200362 200085 200418 200134 2 0 1
200363 200085 200445 200129 2 0 1
200364 200086 200130 200490 2 0 1
200365 200086 200135 200417 2 0 1
200366 200086 200373 200130 2 0 1
200367 200086 200417 200373 2 0 1
200368 200086 200446 200135 2 0 1
200369 200086 200490 200446 2 0 1
200370 200087 200131 200447 2 0 1
200371 200087 200136 200416 2 0 1
200372 200087 200372 200131 2 0 1
200373 200087 200416 200372 2 0 1
200374 200087 200447 200496 2 0 1
200375 200087 200496 200136 2 0 1
200376 200088 200132 200371 2 0 1
200377 200088 200137 200497 2 0 1
200378 200088 200371 200415 2 0 1
200379 200088 200415 200137 2 0 1
200380 200088 200448 200492 2 0 1
200381 200088 200492 200132 2 0 1
200382 200088 200497 200448 2 0 1
200383 200089 200133 200370 2 0 1
200384 200089 200138 200498 2 0 1
200385 200089 200370 200414 2 0 1
200386 200089 200414 200138 2 0 1
200387 200089 200449 200493 2 0 1
200388 200089 200493 200133 2 0 1
200389 200089 200498 200449 2 0 1
200390 200090 200134 200369 2 0 1
200391 200090 200139 200450 2 0 1
200392 200090 200369 200413 2 0 1
200393 200090 200413 200139 2 0 1
200394 200090 200450 200134 2 0 1
200395 200091 200135 200451 2 0 1
200396 200091 200140 200412 2 0 1
200397 200091 200368 200135 2 0 1
200398 200091 200412 200368 2 0 1
200399 200091 200451 200140 2 0 1
200400 200092 200136 200496 2 0 1
200401 200092 200141 200411 2 0 1
200402 200092 200367 200136 2 0 1
200403 200092 200411 200367 2 0 1
200404 200092 200452 200141 2 0 1
200405 200092 200496 200452 2 0 1
200406 200093 200137 200366 2 0 1
200407 200093 200142 200502 2 0 1
200408 200093 200366 200410 2 0 1
200409 200093 200410 200142 2 0 1
200410 200093 200453 200137 2 0 1
200411 200093 200502 200453 2 0 1
200412 200094 200138 200365 2 0 1
200413 200094 200143 200503 2 0 1
200414 200094 200365 200409 2 0 1
200415 200094 200409 200143 2 0 1
200416 200094 200454 200498 2 0 1
200417 200094 200498 200138 2 0 1
200418 200094 200503 200454 2 0 1
200419 200095 200100 200460 2 0 1
200420 200095 200139 200364 2 0 1
200421 200095 200364 200408 2 0 1
200422 200095 200408 200100 2 0 1
200423 200095 200455 200499 2 0 1
200424 200095 200460 200455 2 0 1
200425 200095 200499 200139 2 0 1
200426 200096 200101 200407 2 0 1
200427 200096 200140 200500 2 0 1
200428 200096 200363 200140 2 0 1
200429 200096 200407 200363 2 0 1
200430 200096 200456 200461 2 0 1
200431 200096 200461 200101 2 0 1
200432 200096 200500 200456 2 0 1
200433 200097 200102 200406 2 0 1
200434 200097 200141 200457 2 0 1
200435 200097 200362 200141 2 0 1
200436 200097 200406 200362 2 0 1
200437 200097 200457 200102 2 0 1
200438 200098 200103 200463 2 0 1
200439 200098 200142 200361 2 0 1
200440 200098 200361 200405 2 0 1
200441 200098 200405 200103 2 0 1
200442 200098 200458 200502 2 0 1
200443 200098 200463 200458 2 0 1
200444 200098 200502 200142 2 0 1
200445 200099 200104 200464 2 0 1
200446 200099 200143 200360 2 0 1
200447 200099 200360 200404 2 0 1
200448 200099 200404 200104 2 0 1
200449 200099 200459 200503 2 0 1
200450 200099 200464 200459 2 0 1
200451 200099 200503 200143 2 0 1
200452 200100 200105 200460 2 0 1
200453 200100 200403 200105 2 0 1
200454 200100 200408 200403 2 0 1
200455 200101 200106 200402 2 0 1
200456 200101 200402 200407 2 0 1
200457 200101 200461 200106 2 0 1
200458 200102 200107 200401 2 0 1
200459 200102 200401 200406 2 0 1
200460 200102 200457 200462 2 0 1
200461 200102 200462 200467 2 0 1
200462 200102 200467 200107 2 0 1
200463 200103 200108 200463 2 0 1
200464 200103 200400 200108 2 0 1
200465 200103 200405 200400 2 0 1
200466 200104 200109 200469 2 0 1
200467 200104 200399 200109 2 0 1
200468 200104 200404 200399 2 0 1
200469 200104 200469 200464 2 0 1
200470 200105 200182 200465 2 0 1
200471 200105 200398 200182 2 0 1
200472 200105 200403 200398 2 0 1
200473 200105 200465 200460 2 0 1
200474 200106 200111 200397 2 0 1
200475 200106 200397 200402 2 0 1
200476 200106 200461 200466 2 0 1
200477 200106 200466 200111 2 0 1
200478 200107 200112 200396 2 0 1
200479 200107 200396 200401 2 0 1
200480 200107 200467 200112 2 0 1
200481 200108 200113 200473 2 0 1
200482 200108 200395 200113 2 0 1
200483 200108 200400 200395 2 0 1
200484 200108 200468 200463 2 0 1
200485 200108 200473 200468 2 0 1
200486 200109 200114 200474 2 0 1
200487 200109 200394 200114 2 0 1
200488 200109 200399 200394 2 0 1
200489 200109 200474 200469 2 0 1
200490 200110 200115 200393 2 0 1
200491 200110 200254 200470 2 0 1
200492 200110 200326 200542 2 0 1
200493 200110 200393 200326 2 0 1
200494 200110 200470 200115 2 0 1
200495 200110 200542 200614 2 0 1
200496 200110 200614 200254 2 0 1
200497 200111 200116 200392 2 0 1
200498 200111 200392 200397 2 0 1
200499 200111 200466 200471 2 0 1
200500 200111 200471 200476 2 0 1
200501 200111 200476 200116 2 0 1
200502 200112 200117 200391 2 0 1
200503 200112 200391 200396 2 0 1
200504 200112 200467 200472 2 0 1
200505 200112 200472 200117 2 0 1
200506 200113 200118 200473 2 0 1
200507 200113 200390 200118 2 0 1
200508 200113 200395 200390 2 0 1
200509 200114 200119 200474 2 0 1
200510 200114 200389 200119 2 0 1
200511 200114 200394 200389 2 0 1
200512 200115 200120 200388 2 0 1
200513 200115 200388 200393 2 0 1
200514 200115 200470 200475 2 0 1
200515 200115 200475 200120 2 0 1
200516 200116 200387 200392 2 0 1
200517 200116 200476 200432 2 0 1
200518 200117 200386 200391 2 0 1
200519 200117 200472 200477 2 0 1
200520 200117 200477 200433 2 0 1
200521 200118 200390 200385 2 0 1
200522 200118 200478 200473 2 0 1
200523 200119 200389 200384 2 0 1
200524 200119 200479 200474 2 0 1
200525 200120 200383 200388 2 0 1
200526 200120 200475 200480 2 0 1
200527 200120 200480 200436 2 0 1
200528 200121 200382 200431 2 0 1
200529 200121 200432 200481 2 0 1
200530 200121 200481 200437 2 0 1
200531 200122 200381 200430 2 0 1
200532 200123 200429 200380 2 0 1
200533 200123 200439 200483 2 0 1
200534 200124 200428 200379 2 0 1
200535 200124 200440 200484 2 0 1
200536 200125 200378 200427 2 0 1
200537 200125 200436 200485 2 0 1
200538 200126 200377 200426 2 0 1
200539 200126 200437 200486 2 0 1
200540 200126 200486 200442 2 0 1
200541 200127 200376 200425 2 0 1
200542 200127 200487 200443 2 0 1
200543 200128 200424 200375 2 0 1
200544 200128 200444 200488 2 0 1
200545 200128 200488 200439 2 0 1
200546 200129 200423 200374 2 0 1
200547 200129 200445 200489 2 0 1
200548 200129 200489 200440 2 0 1
200549 200130 200373 200422 2 0 1
200550 200131 200372 200421 2 0 1
200551 200131 200442 200491 2 0 1
200552 200131 200491 200447 2 0 1
200553 200132 200348 200371 2 0 1
200554 200132 200492 200636 2 0 1
200555 200132 200636 200348 2 0 1
200556 200133 200419 200370 2 0 1
200557 200133 200493 200444 2 0 1
200558 200134 200418 200369 2 0 1
200559 200134 200450 200494 2 0 1
200560 200134 200494 200445 2 0 1
200561 200135 200368 200417 2 0 1
200562 200135 200446 200495 2 0 1
200563 200135 200495 200451 2 0 1
200564 200136 200367 200416 2 0 1
200565 200137 200415 200366 2 0 1
200566 200137 200453 200497 2 0 1
200567 200138 200414 200365 2 0 1
200568 200139 200413 200364 2 0 1
200569 200139 200499 200450 2 0 1
200570 200140 200363 200412 2 0 1
200571 200140 200451 200500 2 0 1
200572 200141 200362 200411 2 0 1
200573 200141 200452 200501 2 0 1
200574 200141 200501 200457 2 0 1
200575 200142 200410 200361 2 0 1
200576 200143 200409 200360 2 0 1
200577 200144 200188 200504 2 0 1
200578 200144 200193 200503 2 0 1
200579 200144 200459 200188 2 0 1
200580 200144 200503 200459 2 0 1
200581 200144 200504 200193 2 0 1
200582 200145 200189 200549 2 0 1
200583 200145 200194 200502 2 0 1
200584 200145 200458 200189 2 0 1
200585 200145 200502 200458 2 0 1
200586 200145 200505 200554 2 0 1
200587 200145 200549 200505 2 0 1
200588 200145 200554 200194 2 0 1
200589 200146 200190 200457 2 0 1
200590 200146 200195 200555 2 0 1
200591 200146 200457 200501 2 0 1
200592 200146 200501 200195 2 0 1
200593 200146 200506 200550 2 0 1
200594 200146 200550 200190 2 0 1
200595 200146 200555 200506 2 0 1
200596 200147 200191 200456 2 0 1
200597 200147 200196 200507 2 0 1
200598 200147 200456 200500 2 0 1
200599 200147 200500 200196 2 0 1
200600 200147 200507 200191 2 0 1
200601 200148 200192 200552 2 0 1
200602 200148 200197 200499 2 0 1
200603 200148 200455 200192 2 0 1
200604 200148 200499 200455 2 0 1
200605 200148 200508 200197 2 0 1
200606 200148 200552 200508 2 0 1
200607 200149 200193 200509 2 0 1
200608 200149 200198 200498 2 0 1
200609 200149 200454 200193 2 0 1
200610 200149 200498 200454 2 0 1
200611 200149 200509 200558 2 0 1
200612 200149 200558 200198 2 0 1
200613 200150 200194 200510 2 0 1
200614 200150 200199 200497 2 0 1
200615 200150 200453 200194 2 0 1
200616 200150 200497 200453 2 0 1
200617 200150 200510 200199 2 0 1
200618 200151 200195 200452 2 0 1
200619 200151 200200 200560 2 0 1
200620 200151 200452 200496 2 0 1
200621 200151 200496 200200 2 0 1
200622 200151 200511 200555 2 0 1
200623 200151 200555 200195 2 0 1
200624 200151 200560 200511 2 0 1
200625 200152 200196 200451 2 0 1
200626 200152 200201 200561 2 0 1
200627 200152 200451 200495 2 0 1
200628 200152 200495 200201 2 0 1
200629 200152 200512 200556 2 0 1
200630 200152 200556 200196 2 0 1
200631 200152 200561 200512 2 0 1
200632 200153 200197 200513 2 0 1
200633 200153 200202 200494 2 0 1
200634 200153 200450 200197 2 0 1
200635 200153 200494 200450 2 0 1
200636 200153 200513 200202 2 0 1
200637 200154 200198 200558 2 0 1
200638 200154 200203 200493 2 0 1
200639 200154 200449 200198 2 0 1
200640 200154 200493 200449 2 0 1
200641 200154 200514 200203 2 0 1
200642 200154 200558 200514 2 0 1
200643 200155 200199 200515 2 0 1
200644 200155 200448 200199 2 0 1
200645 200155 200492 200448 2 0 1
200646 200155 200515 200492 2 0 1
200647 200156 200200 200447 2 0 1
200648 200156 200205 200516 2 0 1
200649 200156 200447 200491 2 0 1
200650 200156 200491 200205 2 0 1
200651 200156 200516 200200 2 0 1
200652 200157 200201 200446 2 0 1
200653 200157 200206 200517 2 0 1
200654 200157 200446 200490 2 0 1
200655 200157 200490 200206 2 0 1
200656 200157 200517 200561 2 0 1
200657 200157 200561 200201 2 0 1
200658 200158 200202 200518 2 0 1
200659 200158 200207 200489 2 0 1
200660 200158 200445 200202 2 0 1
200661 200158 200489 200445 2 0 1
200662 200158 200518 200207 2 0 1
200663 200159 200203 200519 2 0 1
200664 200159 200208 200488 2 0 1
200665 200159 200444 200203 2 0 1
200666 200159 200488 200444 2 0 1
200667 200159 200519 200208 2 0 1
200668 200160 200204 200443 2 0 1
200669 200160 200209 200520 2 0 1
200670 200160 200443 200487 2 0 1
200671 200160 200487 200209 2 0 1
200672 200160 200520 200564 2 0 1
200673 200160 200564 200204 2 0 1
200674 200161 200205 200442 2 0 1
200675 200161 200210 200570 2 0 1
200676 200161 200442 200486 2 0 1
200677 200161 200486 200210 2 0 1
200678 200161 200521 200205 2 0 1
200679 200161 200570 200521 2 0 1
200680 200162 200206 200441 2 0 1
200681 200162 200211 200522 2 0 1
200682 200162 200441 200485 2 0 1
200683 200162 200485 200211 2 0 1
200684 200162 200522 200206 2 0 1
200685 200163 200207 200523 2 0 1
200686 200163 200212 200484 2 0 1
200687 200163 200440 200207 2 0 1
200688 200163 200484 200440 2 0 1
200689 200163 200523 200212 2 0 1
200690 200164 200208 200524 2 0 1
200691 200164 200213 200483 2 0 1
200692 200164 200439 200208 2 0 1
200693 200164 200483 200439 2 0 1
200694 200164 200524 200213 2 0 1
200695 200165 200209 200438 2 0 1
200696 200165 200214 200525 2 0 1
200697 200165 200438 200482 2 0 1
200698 200165 200482 200214 2 0 1
200699 200165 200525 200209 2 0 1
200700 200166 200210 200437 2 0 1
200701 200166 200215 200575 2 0 1
200702 200166 200437 200481 2 0 1
200703 200166 200481 200215 2 0 1
200704 200166 200526 200570 2 0 1
200705 200166 200570 200210 2 0 1
200706 200166 200575 200526 2 0 1
200707 200167 200172 200527 2 0 1
200708 200167 200211 200436 2 0 1
200709 200167 200436 200480 2 0 1
200710 200167 200480 200172 2 0 1
200711 200167 200527 200211 2 0 1
200712 200168 200173 200479 2 0 1
200713 200168 200212 200528 2 0 1
200714 200168 200435 200212 2 0 1
200715 200168 200479 200435 2 0 1
200716 200168 200528 200533 2 0 1
200717 200168 200533 200173 2 0 1
200718 200169 200174 200478 2 0 1
200719 200169 200213 200573 2 0 1
200720 200169 200434 200213 2 0 1
200721 200169 200478 200434 2 0 1
200722 200169 200529 200174 2 0 1
200723 200169 200573 200529 2 0 1
200724 200170 200175 200530 2 0 1
200725 200170 200214 200433 2 0 1
200726 200170 200433 200477 2 0 1
200727 200170 200477 200175 2 0 1
200728 200170 200530 200214 2 0 1
200729 200171 200176 200536 2 0 1
200730 200171 200215 200432 2 0 1
200731 200171 200432 200476 2 0 1
200732 200171 200476 200176 2 0 1
200733 200171 200531 200575 2 0 1
200734 200171 200536 200531 2 0 1
200735 200171 200575 200215 2 0 1
200736 200172 200177 200532 2 0 1
200737 200172 200475 200177 2 0 1
200738 200172 200480 200475 2 0 1
200739 200172 200532 200527 2 0 1
200740 200173 200178 200474 2 0 1
200741 200173 200474 200479 2 0 1
200742 200173 200533 200178 2 0 1
200743 200174 200179 200473 2 0 1
200744 200174 200473 200478 2 0 1
200745 200174 200529 200534 2 0 1
200746 200174 200534 200539 2 0 1
200747 200174 200539 200179 2 0 1
200748 200175 200180 200540 2 0 1
200749 200175 200472 200180 2 0 1
200750 200175 200477 200472 2 0 1
200751 200175 200535 200530 2 0 1
200752 200175 200540 200535 2 0 1
200753 200176 200181 200536 2 0 1
200754 200176 200471 200181 2 0 1
200755 200176 200476 200471 2 0 1
200756 200177 200254 200537 2 0 1
200757 200177 200470 200254 2 0 1
200758 200177 200475 200470 2 0 1
200759 200177 200537 200532 2 0 1
200760 200178 200183 200469 2 0 1
200761 200178 200469 200474 2 0 1
200762 200178 200533 200538 2 0 1
200763 200178 200538 200183 2 0 1
200764 200179 200184 200468 2 0 1
200765 200179 200468 200473 2 0 1
200766 200179 200539 200184 2 0 1
200767 200180 200185 200540 2 0 1
200768 200180 200467 200185 2 0 1
200769 200180 200472 200467 2 0 1
200770 200181 200186 200541 2 0 1
200771 200181 200466 200186 2 0 1
200772 200181 200471 200466 2 0 1
200773 200181 200541 200536 2 0 1
200774 200182 200187 200465 2 0 1
200775 200182 200398 200542 2 0 1
200776 200182 200542 200547 2 0 1
200777 200182 200547 200187 2 0 1
200778 200183 200188 200464 2 0 1
200779 200183 200464 200469 2 0 1
200780 200183 200538 200543 2 0 1
200781 200183 200543 200548 2 0 1
200782 200183 200548 200188 2 0 1
200783 200184 200189 200463 2 0 1
200784 200184 200463 200468 2 0 1
200785 200184 200539 200544 2 0 1
200786 200184 200544 200189 2 0 1
200787 200185 200190 200550 2 0 1
200788 200185 200462 200190 2 0 1
200789 200185 200467 200462 2 0 1
200790 200185 200545 200540 2 0 1
200791 200185 200550 200545 2 0 1
200792 200186 200191 200546 2 0 1
200793 200186 200461 200191 2 0 1
200794 200186 200466 200461 2 0 1
200795 200186 200546 200541 2 0 1
200796 200187 200192 200460 2 0 1
200797 200187 200460 200465 2 0 1
200798 200187 200547 200552 2 0 1
200799 200187 200552 200192 2 0 1
200800 200188 200459 200464 2 0 1
200801 200188 200548 200504 2 0 1
200802 200189 200458 200463 2 0 1
200803 200189 200544 200549 2 0 1
200804 200190 200462 200457 2 0 1
200805 200191 200461 200456 2 0 1
200806 200191 200507 200551 2 0 1
200807 200191 200551 200546 2 0 1
200808 200192 200455 200460 2 0 1
200809 200193 200454 200503 2 0 1
200810 200193 200504 200553 2 0 1
200811 200193 200553 200509 2 0 1
200812 200194 200453 200502 2 0 1
200813 200194 200554 200510 2 0 1
200814 200195 200501 200452 2 0 1
200815 200196 200500 200451 2 0 1
200816 200196 200556 200507 2 0 1
200817 200197 200450 200499 2 0 1
200818 200197 200508 200557 2 0 1
200819 200197 200557 200513 2 0 1
200820 200198 200449 200498 2 0 1
200821 200199 200448 200497 2 0 1
200822 200199 200510 200559 2 0 1
200823 200199 200559 200515 2 0 1
200824 200200 200496 200447 2 0 1
200825 200200 200516 200560 2 0 1
200826 200201 200495 200446 2 0 1
200827 200202 200445 200494 2 0 1
200828 200202 200513 200562 2 0 1
200829 200202 200562 200518 2 0 1
200830 200203 200444 200493 2 0 1
200831 200203 200514 200563 2 0 1
200832 200203 200563 200519 2 0 1
200833 200204 200348 200636 2 0 1
200834 200204 200420 200443 2 0 1
200835 200204 200564 200348 2 0 1
200836 200204 200636 200420 2 0 1
200837 200205 200491 200442 2 0 1
200838 200205 200521 200565 2 0 1
200839 200205 200565 200516 2 0 1
200840 200206 200490 200441 2 0 1
200841 200206 200522 200566 2 0 1
200842 200206 200566 200517 2 0 1
200843 200207 200440 200489 2 0 1
200844 200207 200518 200567 2 0 1
200845 200207 200567 200523 2 0 1
200846 200208 200439 200488 2 0 1
200847 200208 200519 200568 2 0 1
200848 200208 200568 200524 2 0 1
200849 200209 200487 200438 2 0 1
200850 200209 200525 200569 2 0 1
200851 200209 200569 200520 2 0 1
200852 200210 200486 200437 2 0 1
200853 200211 200485 200436 2 0 1
200854 200211 200527 200571 2 0 1
200855 200211 200571 200522 2 0 1
200856 200212 200435 200484 2 0 1
200857 200212 200523 200572 2 0 1
200858 200212 200572 200528 2 0 1
200859 200213 200434 200483 2 0 1
200860 200213 200524 200573 2 0 1
200861 200214 200482 200433 2 0 1
200862 200214 200530 200574 2 0 1
200863 200214 200574 200525 2 0 1
200864 200215 200481 200432 2 0 1
200865 200216 200260 200576 2 0 1
200866 200216 200265 200575 2 0 1
200867 200216 200531 200260 2 0 1
200868 200216 200575 200531 2 0 1
200869 200216 200576 200625 2 0 1
200870 200216 200625 200265 2 0 1
200871 200217 200261 200577 2 0 1
200872 200217 200266 200574 2 0 1
200873 200217 200530 200261 2 0 1
200874 200217 200574 200530 2 0 1
200875 200217 200577 200266 2 0 1
200876 200218 200262 200529 2 0 1
200877 200218 200267 200578 2 0 1
200878 200218 200529 200573 2 0 1
200879 200218 200573 200267 2 0 1
200880 200218 200578 200622 2 0 1
200881 200218 200622 200262 2 0 1
200882 200219 200263 200528 2 0 1
200883 200219 200268 200628 2 0 1
200884 200219 200528 200572 2 0 1
200885 200219 200572 200268 2 0 1
200886 200219 200579 200263 2 0 1
200887 200219 200628 200579 2 0 1
200888 200220 200264 200624 2 0 1
200889 200220 200269 200571 2 0 1
200890 200220 200527 200264 2 0 1
200891 200220 200571 200527 2 0 1
200892 200220 200580 200629 2 0 1
200893 200220 200624 200580 2 0 1
200894 200220 200629 200269 2 0 1
200895 200221 200265 200581 2 0 1
200896 200221 200270 200570 2 0 1
200897 200221 200526 200265 2 0 1
200898 200221 200570 200526 2 0 1
200899 200221 200581 200270 2 0 1
200900 200222 200266 200582 2 0 1
200901 200222 200271 200569 2 0 1
200902 200222 200525 200266 2 0 1
200903 200222 200569 200525 2 0 1
200904 200222 200582 200631 2 0 1
200905 200222 200631 200271 2 0 1
200906 200223 200267 200524 2 0 1
200907 200223 200272 200583 2 0 1
200908 200223 200524 200568 2 0 1
200909 200223 200568 200272 2 0 1
200910 200223 200583 200267 2 0 1
200911 200224 200268 200523 2 0 1
200912 200224 200273 200584 2 0 1
200913 200224 200523 200567 2 0 1
200914 200224 200567 200273 2 0 1
200915 200224 200584 200628 2 0 1
200916 200224 200628 200268 2 0 1
200917 200225 200269 200585 2 0 1
200918 200225 200274 200566 2 0 1
200919 200225 200522 200269 2 0 1
200920 200225 200566 200522 2 0 1
200921 200225 200585 200274 2 0 1
200922 200226 200270 200586 2 0 1
200923 200226 200275 200565 2 0 1
200924 200226 200521 200270 2 0 1
200925 200226 200565 200521 2 0 1
200926 200226 200586 200635 2 0 1
200927 200226 200635 200275 2 0 1
200928 200227 200271 200631 2 0 1
200929 200227 200348 200564 2 0 1
200930 200227 200520 200271 2 0 1
200931 200227 200564 200520 2 0 1
200932 200227 200587 200348 2 0 1
200933 200227 200631 200587 2 0 1
200934 200228 200272 200519 2 0 1
200935 200228 200277 200588 2 0 1
200936 200228 200519 200563 2 0 1
200937 200228 200563 200277 2 0 1
200938 200228 200588 200272 2 0 1
200939 200229 200273 200518 2 0 1
200940 200229 200278 200589 2 0 1
200941 200229 200518 200562 2 0 1
200942 200229 200562 200278 2 0 1
200943 200229 200589 200273 2 0 1
200944 200230 200274 200590 2 0 1
200945 200230 200279 200561 2 0 1
200946 200230 200517 200274 2 0 1
200947 200230 200561 200517 2 0 1
200948 200230 200590 200279 2 0 1
200949 200231 200275 200635 2 0 1
200950 200231 200280 200560 2 0 1
200951 200231 200516 200275 2 0 1
200952 200231 200560 200516 2 0 1
200953 200231 200591 200280 2 0 1
200954 200231 200635 200591 2 0 1
200955 200232 200276 200515 2 0 1
200956 200232 200281 200641 2 0 1
200957 200232 200515 200559 2 0 1
200958 200232 200559 200281 2 0 1
200959 200232 200592 200276 2 0 1
200960 200232 200641 200592 2 0 1
200961 200233 200277 200514 2 0 1
200962 200233 200282 200593 2 0 1
200963 200233 200514 200558 2 0 1
200964 200233 200558 200282 2 0 1
200965 200233 200593 200277 2 0 1
200966 200234 200278 200513 2 0 1
200967 200234 200283 200643 2 0 1
200968 200234 200513 200557 2 0 1
200969 200234 200557 200283 2 0 1
200970 200234 200594 200278 2 0 1
200971 200234 200643 200594 2 0 1
200972 200235 200279 200639 2 0 1
200973 200235 200284 200556 2 0 1
200974 200235 200512 200279 2 0 1
200975 200235 200556 200512 2 0 1
200976 200235 200595 200644 2 0 1
200977 200235 200639 200595 2 0 1
200978 200235 200644 200284 2 0 1
200979 200236 200280 200640 2 0 1
200980 200236 200285 200555 2 0 1
200981 200236 200511 200280 2 0 1
200982 200236 200555 200511 2 0 1
200983 200236 200596 200645 2 0 1
200984 200236 200640 200596 2 0 1
200985 200236 200645 200285 2 0 1
200986 200237 200281 200510 2 0 1
200987 200237 200286 200646 2 0 1
200988 200237 200510 200554 2 0 1
200989 200237 200554 200286 2 0 1
200990 200237 200597 200641 2 0 1
200991 200237 200641 200281 2 0 1
200992 200237 200646 200597 2 0 1
200993 200238 200282 200509 2 0 1
200994 200238 200287 200647 2 0 1
200995 200238 200509 200553 2 0 1
200996 200238 200553 200287 2 0 1
200997 200238 200598 200282 2 0 1
200998 200238 200647 200598 2 0 1
200999 200239 200244 200599 2 0 1
201000 200239 200283 200508 2 0 1
201001 200239 200508 200552 2 0 1
201002 200239 200552 200244 2 0 1
201003 200239 200599 200643 2 0 1
201004 200239 200643 200283 2 0 1
201005 200240 200245 200551 2 0 1
201006 200240 200284 200600 2 0 1
201007 200240 200507 200284 2 0 1
201008 200240 200551 200507 2 0 1
201009 200240 200600 200245 2 0 1
201010 200241 200246 200550 2 0 1
201011 200241 200285 200645 2 0 1
201012 200241 200506 200285 2 0 1
201013 200241 200550 200506 2 0 1
201014 200241 200601 200606 2 0 1
201015 200241 200606 200246 2 0 1
201016 200241 200645 200601 2 0 1
201017 200242 200247 200607 2 0 1
201018 200242 200286 200505 2 0 1
201019 200242 200505 200549 2 0 1
201020 200242 200549 200247 2 0 1
201021 200242 200602 200286 2 0 1
201022 200242 200607 200602 2 0 1
201023 200243 200248 200608 2 0 1
201024 200243 200287 200504 2 0 1
201025 200243 200504 200548 2 0 1
201026 200243 200548 200248 2 0 1
201027 200243 200603 200647 2 0 1
201028 200243 200608 200603 2 0 1
201029 200243 200647 200287 2 0 1
201030 200244 200249 200609 2 0 1
201031 200244 200547 200249 2 0 1
201032 200244 200552 200547 2 0 1
201033 200244 200604 200599 2 0 1
201034 200244 200609 200604 2 0 1
201035 200245 200250 200546 2 0 1
201036 200245 200546 200551 2 0 1
201037 200245 200600 200605 2 0 1
201038 200245 200605 200250 2 0 1
201039 200246 200251 200545 2 0 1
201040 200246 200545 200550 2 0 1
201041 200246 200606 200611 2 0 1
201042 200246 200611 200251 2 0 1
201043 200247 200252 200612 2 0 1
201044 200247 200544 200252 2 0 1
201045 200247 200549 200544 2 0 1
201046 200247 200612 200607 2 0 1
201047 200248 200253 200608 2 0 1
201048 200248 200543 200253 2 0 1
201049 200248 200548 200543 2 0 1
201050 200249 200542 200609 2 0 1
201051 200249 200547 200542 2 0 1
201052 200250 200255 200541 2 0 1
201053 200250 200541 200546 2 0 1
201054 200250 200605 200610 2 0 1
201055 200250 200610 200615 2 0 1
201056 200250 200615 200255 2 0 1
201057 200251 200256 200540 2 0 1
201058 200251 200540 200545 2 0 1
201059 200251 200611 200256 2 0 1
201060 200252 200257 200612 2 0 1
201061 200252 200539 200257 2 0 1
201062 200252 200544 200539 2 0 1
201063 200253 200258 200618 2 0 1
201064 200253 200538 200258 2 0 1
201065 200253 200543 200538 2 0 1
201066 200253 200613 200608 2 0 1
201067 200253 200618 200613 2 0 1
201068 200254 200259 200537 2 0 1
201069 200254 200614 200619 2 0 1
201070 200254 200619 200259 2 0 1
201071 200255 200260 200536 2 0 1
201072 200255 200536 200541 2 0 1
201073 200255 200615 200260 2 0 1
201074 200256 200261 200535 2 0 1
201075 200256 200535 200540 2 0 1
201076 200256 200611 200616 2 0 1
201077 200256 200616 200261 2 0 1
201078 200257 200262 200617 2 0 1
201079 200257 200534 200262 2 0 1
201080 200257 200539 200534 2 0 1
201081 200257 200617 200612 2 0 1
201082 200258 200263 200618 2 0 1
201083 200258 200533 200263 2 0 1
201084 200258 200538 200533 2 0 1
201085 200259 200264 200532 2 0 1
201086 200259 200532 200537 2 0 1
201087 200259 200619 200264 2 0 1
201088 200260 200531 200536 2 0 1
201089 200260 200615 200620 2 0 1
201090 200260 200620 200576 2 0 1
201091 200261 200530 200535 2 0 1
201092 200261 200616 200621 2 0 1
201093 200261 200621 200577 2 0 1
201094 200262 200534 200529 2 0 1
201095 200262 200622 200617 2 0 1
201096 200263 200533 200528 2 0 1
201097 200263 200579 200623 2 0 1
201098 200263 200623 200618 2 0 1
201099 200264 200527 200532 2 0 1
201100 200264 200619 200624 2 0 1
201101 200265 200526 200575 2 0 1
201102 200265 200625 200581 2 0 1
201103 200266 200525 200574 2 0 1
201104 200266 200577 200626 2 0 1
201105 200266 200626 200582 2 0 1
201106 200267 200573 200524 2 0 1
201107 200267 200583 200627 2 0 1
201108 200267 200627 200578 2 0 1
201109 200268 200572 200523 2 0 1
201110 200269 200522 200571 2 0 1
201111 200269 200629 200585 2 0 1
201112 200270 200521 200570 2 0 1
201113 200270 200581 200630 2 0 1
201114 200270 200630 200586 2 0 1
201115 200271 200520 200569 2 0 1
201116 200272 200568 200519 2 0 1
201117 200272 200588 200632 2 0 1
201118 200272 200632 200583 2 0 1
201119 200273 200567 200518 2 0 1
201120 200273 200589 200633 2 0 1
201121 200273 200633 200584 2 0 1
201122 200274 200517 200566 2 0 1
201123 200274 200585 200634 2 0 1
201124 200274 200634 200590 2 0 1
201125 200275 200516 200565 2 0 1
201126 200276 200492 200515 2 0 1
201127 200276 200592 200636 2 0 1
201128 200276 200636 200492 2 0 1
201129 200277 200563 200514 2 0 1
201130 200277 200593 200637 2 0 1
201131 200277 200637 200588 2 0 1
201132 200278 200562 200513 2 0 1
201133 200278 200594 200638 2 0 1
201134 200278 200638 200589 2 0 1
201135 200279 200512 200561 2 0 1
201136 200279 200590 200639 2 0 1
201137 200280 200511 200560 2 0 1
201138 200280 200591 200640 2 0 1
201139 200281 200559 200510 2 0 1
201140 200282 200558 200509 2 0 1
201141 200282 200598 200642 2 0 1
201142 200282 200642 200593 2 0 1
201143 200283 200557 200508 2 0 1
201144 200284 200507 200556 2 0 1
201145 200284 200644 200600 2 0 1
201146 200285 200506 200555 2 0 1
201147 200286 200554 200505 2 0 1
201148 200286 200602 200646 2 0 1
201149 200287 200553 200504 2 0 1
201150 200288 200332 200387 2 0 1
201151 200288 200387 200431 2 0 1
201152 200288 200431 200337 2 0 1
201153 200289 200333 200386 2 0 1
201154 200289 200386 200430 2 0 1
201155 200289 200430 200338 2 0 1
201156 200290 200339 200429 2 0 1
201157 200290 200385 200334 2 0 1
201158 200290 200429 200385 2 0 1
201159 200291 200340 200428 2 0 1
201160 200291 200384 200335 2 0 1
201161 200291 200428 200384 2 0 1
201162 200292 200336 200383 2 0 1
201163 200292 200383 200427 2 0 1
201164 200292 200427 200341 2 0 1
201165 200293 200337 200382 2 0 1
201166 200293 200382 200426 2 0 1
201167 200293 200426 200342 2 0 1
201168 200294 200338 200381 2 0 1
201169 200294 200381 200425 2 0 1
201170 200294 200425 200343 2 0 1
201171 200295 200344 200424 2 0 1
201172 200295 200380 200339 2 0 1
201173 200295 200424 200380 2 0 1
201174 200296 200345 200423 2 0 1
201175 200296 200379 200340 2 0 1
201176 200296 200423 200379 2 0 1
201177 200297 200341 200378 2 0 1
201178 200297 200378 200422 2 0 1
201179 200297 200422 200346 2 0 1
201180 200298 200342 200377 2 0 1
201181 200298 200377 200421 2 0 1
201182 200298 200421 200347 2 0 1
201183 200299 200343 200376 2 0 1
201184 200299 200376 200420 2 0 1
201185 200300 200349 200419 2 0 1
201186 200300 200375 200344 2 0 1
201187 200300 200419 200375 2 0 1
201188 200301 200350 200418 2 0 1
201189 200301 200374 200345 2 0 1
201190 200301 200418 200374 2 0 1
201191 200302 200346 200373 2 0 1
201192 200302 200373 200417 2 0 1
201193 200302 200417 200351 2 0 1
201194 200303 200347 200372 2 0 1
201195 200303 200372 200416 2 0 1
201196 200303 200416 200352 2 0 1
201197 200304 200353 200415 2 0 1
201198 200304 200371 200348 2 0 1
201199 200304 200415 200371 2 0 1
201200 200305 200354 200414 2 0 1
201201 200305 200370 200349 2 0 1
201202 200305 200414 200370 2 0 1
201203 200306 200355 200413 2 0 1
201204 200306 200369 200350 2 0 1
201205 200306 200413 200369 2 0 1
201206 200307 200351 200368 2 0 1
201207 200307 200368 200412 2 0 1
201208 200307 200412 200356 2 0 1
201209 200308 200352 200367 2 0 1
201210 200308 200367 200411 2 0 1
201211 200308 200411 200357 2 0 1
201212 200309 200358 200410 2 0 1
201213 200309 200366 200353 2 0 1
201214 200309 200410 200366 2 0 1
201215 200310 200359 200409 2 0 1
201216 200310 200365 200354 2 0 1
201217 200310 200409 200365 2 0 1
201218 200311 200316 200408 2 0 1
201219 200311 200364 200355 2 0 1
201220 200311 200408 200364 2 0 1
201221 200312 200356 200363 2 0 1
201222 200312 200363 200407 2 0 1
201223 200312 200407 200317 2 0 1
201224 200313 200357 200362 2 0 1
201225 200313 200362 200406 2 0 1
201226 200313 200406 200318 2 0 1
201227 200314 200319 200405 2 0 1
201228 200314 200361 200358 2 0 1
201229 200314 200405 200361 2 0 1
201230 200315 200320 200404 2 0 1
201231 200315 200360 200359 2 0 1
201232 200315 200404 200360 2 0 1
201233 200316 200321 200403 2 0 1
201234 200316 200403 200408 2 0 1
201235 200317 200402 200322 2 0 1
201236 200317 200407 200402 2 0 1
201237 200318 200401 200323 2 0 1
201238 200318 200406 200401 2 0 1
201239 200319 200324 200400 2 0 1
201240 200319 200400 200405 2 0 1
201241 200320 200325 200399 2 0 1
201242 200320 200399 200404 2 0 1
201243 200321 200398 200403 2 0 1
201244 200322 200397 200327 2 0 1
201245 200322 200402 200397 2 0 1
201246 200323 200396 200328 2 0 1
201247 200323 200401 200396 2 0 1
201248 200324 200329 200395 2 0 1
201249 200324 200395 200400 2 0 1
201250 200325 200330 200394 2 0 1
201251 200325 200394 200399 2 0 1
201252 200326 200393 200331 2 0 1
201253 200326 200609 200542 2 0 1
201254 200327 200392 200332 2 0 1
201255 200327 200397 200392 2 0 1
201256 200328 200391 200333 2 0 1
201257 200328 200396 200391 2 0 1
201258 200329 200334 200390 2 0 1
201259 200329 200390 200395 2 0 1
201260 200330 200335 200389 2 0 1
201261 200330 200389 200394 2 0 1
201262 200331 200388 200336 2 0 1
201263 200331 200393 200388 2 0 1
201264 200332 200392 200387 2 0 1
201265 200333 200391 200386 2 0 1
201266 200334 200385 200390 2 0 1
201267 200335 200384 200389 2 0 1
201268 200336 200388 200383 2 0 1
201269 200337 200431 200382 2 0 1
201270 200338 200430 200381 2 0 1
201271 200339 200380 200429 2 0 1
201272 200340 200379 200428 2 0 1
201273 200341 200427 200378 2 0 1
201274 200342 200426 200377 2 0 1
201275 200343 200425 200376 2 0 1
201276 200344 200375 200424 2 0 1
201277 200345 200374 200423 2 0 1
201278 200346 200422 200373 2 0 1
201279 200347 200421 200372 2 0 1
201280 200349 200370 200419 2 0 1
201281 200350 200369 200418 2 0 1
201282 200351 200417 200368 2 0 1
201283 200352 200416 200367 2 0 1
201284 200353 200366 200415 2 0 1
201285 200354 200365 200414 2 0 1
201286 200355 200364 200413 2 0 1
201287 200356 200412 200363 2 0 1
201288 200357 200411 200362 2 0 1
201289 200358 200361 200410 2 0 1
201290 200359 200360 200409 2 0 1
201291 200398 200614 200542 2 0 1
