648
200000 0.683899 -0.331485 0.000000
200001 0.193996 -0.094030 -0.728782
200002 -0.573840 0.278140 -0.413456
200003 -0.519550 0.251825 0.494219
200004 0.279087 -0.135273 0.693838
200005 0.677882 -0.328569 -0.100587
200006 0.105492 -0.051132 -0.750904
200007 -0.618034 0.299561 -0.325419
200008 -0.456118 0.221080 0.566286
200009 0.359267 -0.174136 0.646687
200010 0.659939 -0.319872 -0.199405
200011 0.015132 -0.007335 -0.759814
200012 -0.651354 0.315711 -0.231656
200013 -0.384662 0.186445 0.628390
200014 0.433126 -0.209936 0.588157
200015 0.630385 -0.305547 -0.294714
200016 -0.075494 0.036592 -0.755355
200017 -0.673214 0.326306 -0.133817
200018 -0.306437 0.148530 0.679437
200019 0.499365 -0.242042 0.519279
200020 0.589739 -0.285846 -0.384838
200021 -0.164792 0.079874 -0.737607
200022 -0.683229 0.331161 -0.033624
200023 -0.222821 0.108001 0.718531
200024 0.556817 -0.269889 0.441265
200025 0.538717 -0.261116 -0.468191
200026 -0.251190 0.121752 -0.706881
200027 -0.681223 0.330188 0.067160
200028 -0.135284 0.065572 0.744982
200029 0.604473 -0.292988 0.355486
200030 0.478217 -0.231791 -0.543306
200031 -0.333169 0.161487 -0.663717
200032 -0.667232 0.323407 0.166763
200033 -0.045368 0.021990 0.758326
200034 0.641493 -0.310931 0.263454
200035 0.409303 -0.198389 -0.608862
200036 -0.409286 0.198381 -0.608876
200037 -0.641501 0.310935 0.263432
200038 0.045347 -0.021980 0.758327
200039 0.667227 -0.323404 0.166786
200040 0.333187 -0.161496 -0.663706
200041 -0.478202 0.231784 -0.543322
200042 -0.604483 0.292992 0.355466
200043 0.135264 -0.065562 0.744987
200044 0.681221 -0.330188 0.067183
200045 0.251209 -0.121761 -0.706872
200046 -0.538704 0.261110 -0.468209
200047 -0.556829 0.269895 0.441246
200048 0.222801 -0.107992 0.718538
200049 0.683230 -0.331161 -0.033602
200050 0.164812 -0.079884 -0.737601
200051 -0.589728 0.285841 -0.384858
200052 -0.499379 0.242049 0.519262
200053 0.306419 -0.148521 0.679448
200054 0.673218 -0.326308 -0.133795
200055 0.075514 -0.036602 -0.755353
200056 -0.630377 0.305543 -0.294735
200057 -0.433142 0.209944 0.588142
200058 0.384644 -0.186437 0.628403
200059 0.651360 -0.315714 -0.231634
200060 -0.015112 0.007325 -0.759814
200061 -0.659934 0.319869 -0.199427
200062 -0.359285 0.174145 0.646675
200063 0.456103 -0.221073 0.566301
200064 0.618043 -0.299565 -0.325398
200065 -0.105472 0.051122 -0.750908
200066 -0.677880 0.328568 -0.100610
200067 -0.279106 0.135282 0.693829
200068 0.519536 -0.251819 0.494236
200069 0.573851 -0.278145 -0.413437
200070 -0.193976 0.094020 -0.728789
200071 -0.683899 0.331485 -0.000023
200072 0.117231 0.750904 0.000000
200073 0.033254 0.213003 -0.728782
200074 -0.098365 -0.630062 -0.413456
200075 -0.089059 -0.570453 0.494219
200076 0.047840 0.306430 0.693838
200077 0.116200 0.744298 -0.100587
200078 0.018083 0.115828 -0.750904
200079 -0.105941 -0.678586 -0.325419
200080 -0.078186 -0.500806 0.566286
200081 0.061584 0.394466 0.646687
200082 0.113124 0.724597 -0.199405
200083 0.002594 0.016615 -0.759814
200084 -0.111652 -0.715171 -0.231656
200085 -0.065937 -0.422349 0.628390
200086 0.074245 0.475562 0.588157
200087 0.108058 0.692147 -0.294714
200088 -0.012941 -0.082890 -0.755355
200089 -0.115400 -0.739172 -0.133817
200090 -0.052528 -0.336460 0.679437
200091 0.085599 0.548290 0.519279
200092 0.101091 0.647519 -0.384838
200093 -0.028248 -0.180937 -0.737607
200094 -0.117116 -0.750169 -0.033624
200095 -0.038195 -0.244652 0.718531
200096 0.095447 0.611372 0.441265
200097 0.092345 0.591498 -0.468191
200098 -0.043058 -0.275801 -0.706881
200099 -0.116772 -0.747966 0.067160
200100 -0.023190 -0.148539 0.744982
200101 0.103616 0.663697 0.355486
200102 0.081974 0.525070 -0.543306
200103 -0.057110 -0.365811 -0.663717
200104 -0.114374 -0.732604 0.166763
200105 -0.007777 -0.049813 0.758326
200106 0.109962 0.704344 0.263454
200107 0.070161 0.449404 -0.608862
200108 -0.070158 -0.449386 -0.608876
200109 -0.109963 -0.704352 0.263432
200110 0.007773 0.049790 0.758327
200111 0.114373 0.732599 0.166786
200112 0.057114 0.365831 -0.663706
200113 -0.081971 -0.525054 -0.543322
200114 -0.103618 -0.663707 0.355466
200115 0.023186 0.148517 0.744987
200116 0.116772 0.747964 0.067183
200117 0.043061 0.275822 -0.706872
200118 -0.092342 -0.591484 -0.468209
200119 -0.095449 -0.611385 0.441246
200120 0.038192 0.244630 0.718538
200121 0.117116 0.750170 -0.033602
200122 0.028251 0.180959 -0.737601
200123 -0.101089 -0.647507 -0.384858
200124 -0.085601 -0.548306 0.519262
200125 0.052525 0.336440 0.679448
200126 0.115400 0.739176 -0.133795
200127 0.012944 0.082913 -0.755353
200128 -0.108057 -0.692138 -0.294735
200129 -0.074247 -0.475579 0.588142
200130 0.065934 0.422330 0.628403
200131 0.111654 0.715178 -0.231634
200132 -0.002590 -0.016592 -0.759814
200133 -0.113123 -0.724591 -0.199427
200134 -0.061587 -0.394486 0.646675
200135 0.078183 0.500790 0.566301
200136 0.105942 0.678596 -0.325398
200137 -0.018080 -0.115806 -0.750908
200138 -0.116199 -0.744295 -0.100610
200139 -0.047843 -0.306451 0.693829
200140 0.089057 0.570438 0.494236
200141 0.098367 0.630075 -0.413437
200142 -0.033251 -0.212981 -0.728789
200143 -0.117231 -0.750904 -0.000023
200144 -0.577363 -0.494219 0.000000
200145 -0.163776 -0.140191 -0.728782
200146 0.484449 0.414685 -0.413456
200147 0.438616 0.375452 0.494219
200148 -0.235611 -0.201682 0.693838
200149 -0.572284 -0.489871 -0.100587
200150 -0.089059 -0.076234 -0.750904
200151 0.521758 0.446622 -0.325419
200152 0.385065 0.329613 0.566286
200153 -0.303301 -0.259624 0.646687
200154 -0.557136 -0.476904 -0.199405
200155 -0.012775 -0.010935 -0.759814
200156 0.549888 0.470700 -0.231656
200157 0.324740 0.277975 0.628390
200158 -0.365655 -0.312998 0.588157
200159 -0.532185 -0.455547 -0.294714
200160 0.063733 0.054555 -0.755355
200161 0.568342 0.486497 -0.133817
200162 0.258701 0.221446 0.679437
200163 -0.421575 -0.360865 0.519279
200164 -0.497871 -0.426174 -0.384838
200165 0.139121 0.119086 -0.737607
200166 0.576797 0.493735 -0.033624
200167 0.188110 0.161021 0.718531
200168 -0.470078 -0.402384 0.441265
200169 -0.454797 -0.389303 -0.468191
200170 0.212060 0.181522 -0.706881
200171 0.575104 0.492285 0.067160
200172 0.114210 0.097763 0.744982
200173 -0.510310 -0.436822 0.355486
200174 -0.403721 -0.345583 -0.543306
200175 0.281269 0.240764 -0.663717
200176 0.563292 0.482174 0.166763
200177 0.038300 0.032785 0.758326
200178 -0.541563 -0.463575 0.263454
200179 -0.345543 -0.295782 -0.608862
200180 0.345529 0.295770 -0.608876
200181 0.541569 0.463580 0.263432
200182 -0.038283 -0.032770 0.758327
200183 -0.563288 -0.482171 0.166786
200184 -0.281284 -0.240777 -0.663706
200185 0.403709 0.345572 -0.543322
200186 0.510318 0.436829 0.355466
200187 -0.114193 -0.097749 0.744987
200188 -0.575103 -0.492284 0.067183
200189 -0.212077 -0.181536 -0.706872
200190 0.454786 0.389294 -0.468209
200191 0.470088 0.402392 0.441246
200192 -0.188094 -0.161007 0.718538
200193 -0.576798 -0.493735 -0.033602
200194 -0.139138 -0.119101 -0.737601
200195 0.497862 0.426167 -0.384858
200196 0.421587 0.360876 0.519262
200197 -0.258685 -0.221433 0.679448
200198 -0.568346 -0.486500 -0.133795
200199 -0.063751 -0.054570 -0.755353
200200 0.532178 0.455541 -0.294735
200201 0.365668 0.313010 0.588142
200202 -0.324726 -0.277963 0.628403
200203 -0.549893 -0.470705 -0.231634
200204 0.012758 0.010921 -0.759814
200205 0.557131 0.476900 -0.199427
200206 0.303316 0.259637 0.646675
200207 -0.385052 -0.329602 0.566301
200208 -0.521766 -0.446628 -0.325398
200209 0.089042 0.076219 -0.750908
200210 0.572281 0.489869 -0.100610
200211 0.235627 0.201695 0.693829
200212 -0.438604 -0.375442 0.494236
200213 -0.484458 -0.414693 -0.413437
200214 0.163759 0.140177 -0.728789
200215 0.577363 0.494219 -0.000023
200216 0.760000 0.000000 0.000000
200217 0.215583 0.000000 -0.728782
200218 -0.637694 -0.000000 -0.413456
200219 -0.577363 -0.000000 0.494219
200220 0.310142 0.000000 0.693838
200221 0.753314 0.000000 -0.100587
200222 0.117231 0.000000 -0.750904
200223 -0.686806 -0.000000 -0.325419
200224 -0.506873 -0.000000 0.566286
200225 0.399245 0.000000 0.646687
200226 0.733374 0.000000 -0.199405
200227 0.016816 0.000000 -0.759814
200228 -0.723834 -0.000000 -0.231656
200229 -0.427465 -0.000000 0.628390
200230 0.481323 0.000000 0.588157
200231 0.700531 0.000000 -0.294714
200232 -0.083894 -0.000000 -0.755355
200233 -0.748126 -0.000000 -0.133817
200234 -0.340536 -0.000000 0.679437
200235 0.554932 0.000000 0.519279
200236 0.655362 0.000000 -0.384838
200237 -0.183129 -0.000000 -0.737607
200238 -0.759256 -0.000000 -0.033624
200239 -0.247615 -0.000000 0.718531
200240 0.618778 0.000000 0.441265
200241 0.598663 0.000000 -0.468191
200242 -0.279141 -0.000000 -0.706881
200243 -0.757027 -0.000000 0.067160
200244 -0.150338 -0.000000 0.744982
200245 0.671736 0.000000 0.355486
200246 0.531431 0.000000 -0.543306
200247 -0.370243 -0.000000 -0.663717
200248 -0.741478 -0.000000 0.166763
200249 -0.050416 -0.000000 0.758326
200250 0.712876 0.000000 0.263454
200251 0.454848 0.000000 -0.608862
200252 -0.454830 -0.000000 -0.608876
200253 -0.712884 -0.000000 0.263432
200254 0.050393 0.000000 0.758327
200255 0.741473 0.000000 0.166786
200256 0.370263 0.000000 -0.663706
200257 -0.531414 -0.000000 -0.543322
200258 -0.671747 -0.000000 0.355466
200259 0.150316 0.000000 0.744987
200260 0.757025 0.000000 0.067183
200261 0.279163 0.000000 -0.706872
200262 -0.598649 -0.000000 -0.468209
200263 -0.618791 -0.000000 0.441246
200264 0.247594 0.000000 0.718538
200265 0.759257 0.000000 -0.033602
200266 0.183151 0.000000 -0.737601
200267 -0.655351 -0.000000 -0.384858
200268 -0.554948 -0.000000 0.519262
200269 0.340515 0.000000 0.679448
200270 0.748130 0.000000 -0.133795
200271 0.083917 0.000000 -0.755353
200272 -0.700522 -0.000000 -0.294735
200273 -0.481340 -0.000000 0.588142
200274 0.427446 0.000000 0.628403
200275 0.723841 0.000000 -0.231634
200276 -0.016793 -0.000000 -0.759814
200277 -0.733368 -0.000000 -0.199427
200278 -0.399264 -0.000000 0.646675
200279 0.506856 0.000000 0.566301
200280 0.686816 0.000000 -0.325398
200281 -0.117208 -0.000000 -0.750908
200282 -0.753311 -0.000000 -0.100610
200283 -0.310163 -0.000000 0.693829
200284 0.577348 0.000000 0.494236
200285 0.637707 0.000000 -0.413437
200286 -0.215561 -0.000000 -0.728789
200287 -0.760000 -0.000000 -0.000023
200288 -0.577363 0.494219 0.000000
200289 -0.163776 0.140191 -0.728782
200290 0.484449 -0.414685 -0.413456
200291 0.438616 -0.375452 0.494219
200292 -0.235611 0.201682 0.693838
200293 -0.572284 0.489871 -0.100587
200294 -0.089059 0.076234 -0.750904
200295 0.521758 -0.446622 -0.325419
200296 0.385065 -0.329613 0.566286
200297 -0.303301 0.259624 0.646687
200298 -0.557136 0.476904 -0.199405
200299 -0.012775 0.010935 -0.759814
200300 0.549888 -0.470700 -0.231656
200301 0.324740 -0.277975 0.628390
200302 -0.365655 0.312998 0.588157
200303 -0.532185 0.455547 -0.294714
200304 0.063733 -0.054555 -0.755355
200305 0.568342 -0.486497 -0.133817
200306 0.258701 -0.221446 0.679437
200307 -0.421575 0.360865 0.519279
200308 -0.497871 0.426174 -0.384838
200309 0.139121 -0.119086 -0.737607
200310 0.576797 -0.493735 -0.033624
200311 0.188110 -0.161021 0.718531
200312 -0.470078 0.402384 0.441265
200313 -0.454797 0.389303 -0.468191
200314 0.212060 -0.181522 -0.706881
200315 0.575104 -0.492285 0.067160
200316 0.114210 -0.097763 0.744982
200317 -0.510310 0.436822 0.355486
200318 -0.403721 0.345583 -0.543306
200319 0.281269 -0.240764 -0.663717
200320 0.563292 -0.482174 0.166763
200321 0.038300 -0.032785 0.758326
200322 -0.541563 0.463575 0.263454
200323 -0.345543 0.295782 -0.608862
200324 0.345529 -0.295770 -0.608876
200325 0.541569 -0.463580 0.263432
200326 -0.038283 0.032770 0.758327
200327 -0.563288 0.482171 0.166786
200328 -0.281284 0.240777 -0.663706
200329 0.403709 -0.345572 -0.543322
200330 0.510318 -0.436829 0.355466
200331 -0.114193 0.097749 0.744987
200332 -0.575103 0.492284 0.067183
200333 -0.212077 0.181536 -0.706872
200334 0.454786 -0.389294 -0.468209
200335 0.470088 -0.402392 0.441246
200336 -0.188094 0.161007 0.718538
200337 -0.576798 0.493735 -0.033602
200338 -0.139138 0.119101 -0.737601
200339 0.497862 -0.426167 -0.384858
200340 0.421587 -0.360876 0.519262
200341 -0.258685 0.221433 0.679448
200342 -0.568346 0.486500 -0.133795
200343 -0.063751 0.054570 -0.755353
200344 0.532178 -0.455541 -0.294735
200345 0.365668 -0.313010 0.588142
200346 -0.324726 0.277963 0.628403
200347 -0.549893 0.470705 -0.231634
200348 0.012758 -0.010921 -0.759814
200349 0.557131 -0.476900 -0.199427
200350 0.303316 -0.259637 0.646675
200351 -0.385052 0.329602 0.566301
200352 -0.521766 0.446628 -0.325398
200353 0.089042 -0.076219 -0.750908
200354 0.572281 -0.489869 -0.100610
200355 0.235627 -0.201695 0.693829
200356 -0.438604 0.375442 0.494236
200357 -0.484458 0.414693 -0.413437
200358 0.163759 -0.140177 -0.728789
200359 0.577363 -0.494219 -0.000023
200360 0.117231 -0.750904 0.000000
200361 0.033254 -0.213003 -0.728782
200362 -0.098365 0.630062 -0.413456
200363 -0.089059 0.570453 0.494219
200364 0.047840 -0.306430 0.693838
200365 0.116200 -0.744298 -0.100587
200366 0.018083 -0.115828 -0.750904
200367 -0.105941 0.678586 -0.325419
200368 -0.078186 0.500806 0.566286
200369 0.061584 -0.394466 0.646687
200370 0.113124 -0.724597 -0.199405
200371 0.002594 -0.016615 -0.759814
200372 -0.111652 0.715171 -0.231656
200373 -0.065937 0.422349 0.628390
200374 0.074245 -0.475562 0.588157
200375 0.108058 -0.692147 -0.294714
200376 -0.012941 0.082890 -0.755355
200377 -0.115400 0.739172 -0.133817
200378 -0.052528 0.336460 0.679437
200379 0.085599 -0.548290 0.519279
200380 0.101091 -0.647519 -0.384838
200381 -0.028248 0.180937 -0.737607
200382 -0.117116 0.750169 -0.033624
200383 -0.038195 0.244652 0.718531
200384 0.095447 -0.611372 0.441265
200385 0.092345 -0.591498 -0.468191
200386 -0.043058 0.275801 -0.706881
200387 -0.116772 0.747966 0.067160
200388 -0.023190 0.148539 0.744982
200389 0.103616 -0.663697 0.355486
200390 0.081974 -0.525070 -0.543306
200391 -0.057110 0.365811 -0.663717
200392 -0.114374 0.732604 0.166763
200393 -0.007777 0.049813 0.758326
200394 0.109962 -0.704344 0.263454
200395 0.070161 -0.449404 -0.608862
200396 -0.070158 0.449386 -0.608876
200397 -0.109963 0.704352 0.263432
200398 0.007773 -0.049790 0.758327
200399 0.114373 -0.732599 0.166786
200400 0.057114 -0.365831 -0.663706
200401 -0.081971 0.525054 -0.543322
200402 -0.103618 0.663707 0.355466
200403 0.023186 -0.148517 0.744987
200404 0.116772 -0.747964 0.067183
200405 0.043061 -0.275822 -0.706872
200406 -0.092342 0.591484 -0.468209
200407 -0.095449 0.611385 0.441246
200408 0.038192 -0.244630 0.718538
200409 0.117116 -0.750170 -0.033602
200410 0.028251 -0.180959 -0.737601
200411 -0.101089 0.647507 -0.384858
200412 -0.085601 0.548306 0.519262
200413 0.052525 -0.336440 0.679448
200414 0.115400 -0.739176 -0.133795
200415 0.012944 -0.082913 -0.755353
200416 -0.108057 0.692138 -0.294735
200417 -0.074247 0.475579 0.588142
200418 0.065934 -0.422330 0.628403
200419 0.111654 -0.715178 -0.231634
200420 -0.002590 0.016592 -0.759814
200421 -0.113123 0.724591 -0.199427
200422 -0.061587 0.394486 0.646675
200423 0.078183 -0.500790 0.566301
200424 0.105942 -0.678596 -0.325398
200425 -0.018080 0.115806 -0.750908
200426 -0.116199 0.744295 -0.100610
200427 -0.047843 0.306451 0.693829
200428 0.089057 -0.570438 0.494236
200429 0.098367 -0.630075 -0.413437
200430 -0.033251 0.212981 -0.728789
200431 -0.117231 0.750904 -0.000023
200432 0.399245 0.646687 0.000000
200433 0.113251 0.183441 -0.728782
200434 -0.334995 -0.542616 -0.413456
200435 -0.303301 -0.491280 0.494219
200436 0.162925 0.263901 0.693838
200437 0.395732 0.640998 -0.100587
200438 0.061584 0.099752 -0.750904
200439 -0.360794 -0.584406 -0.325419
200440 -0.266271 -0.431300 0.566286
200441 0.209732 0.339719 0.646687
200442 0.385258 0.624031 -0.199405
200443 0.008834 0.014309 -0.759814
200444 -0.380246 -0.615913 -0.231656
200445 -0.224557 -0.363731 0.628390
200446 0.252849 0.409559 0.588157
200447 0.368004 0.596084 -0.294714
200448 -0.044072 -0.071386 -0.755355
200449 -0.393007 -0.636583 -0.133817
200450 -0.178891 -0.289763 0.679437
200451 0.291518 0.472194 0.519279
200452 0.344276 0.557650 -0.384838
200453 -0.096202 -0.155825 -0.737607
200454 -0.398854 -0.646053 -0.033624
200455 -0.130078 -0.210697 0.718531
200456 0.325057 0.526520 0.441265
200457 0.314491 0.509404 -0.468191
200458 -0.146639 -0.237522 -0.706881
200459 -0.397683 -0.644157 0.067160
200460 -0.078976 -0.127923 0.744982
200461 0.352878 0.571583 0.355486
200462 0.279172 0.452196 -0.543306
200463 -0.194497 -0.315041 -0.663717
200464 -0.389515 -0.630926 0.166763
200465 -0.026485 -0.042899 0.758326
200466 0.374489 0.606589 0.263454
200467 0.238942 0.387032 -0.608862
200468 -0.238932 -0.387016 -0.608876
200469 -0.374494 -0.606595 0.263432
200470 0.026473 0.042880 0.758327
200471 0.389512 0.630922 0.166786
200472 0.194507 0.315058 -0.663706
200473 -0.279164 -0.452182 -0.543322
200474 -0.352883 -0.571592 0.355466
200475 0.078964 0.127904 0.744987
200476 0.397682 0.644155 0.067183
200477 0.146650 0.237541 -0.706872
200478 -0.314483 -0.509392 -0.468209
200479 -0.325064 -0.526531 0.441246
200480 0.130066 0.210678 0.718538
200481 0.398854 0.646054 -0.033602
200482 0.096213 0.155844 -0.737601
200483 -0.344270 -0.557640 -0.384858
200484 -0.291526 -0.472207 0.519262
200485 0.178880 0.289746 0.679448
200486 0.393009 0.636587 -0.133795
200487 0.044083 0.071405 -0.755353
200488 -0.368000 -0.596077 -0.294735
200489 -0.252859 -0.409574 0.588142
200490 0.224547 0.363715 0.628403
200491 0.380250 0.615919 -0.231634
200492 -0.008822 -0.014290 -0.759814
200493 -0.385254 -0.624026 -0.199427
200494 -0.209742 -0.339735 0.646675
200495 0.266263 0.431285 0.566301
200496 0.360799 0.584414 -0.325398
200497 -0.061572 -0.099733 -0.750908
200498 -0.395731 -0.640995 -0.100610
200499 -0.162936 -0.263919 0.693829
200500 0.303294 0.491267 0.494236
200501 0.335001 0.542627 -0.413437
200502 -0.113239 -0.183422 -0.728789
200503 -0.399245 -0.646687 -0.000023
200504 -0.723834 -0.231656 0.000000
200505 -0.205324 -0.065712 -0.728782
200506 0.607348 0.194376 -0.413456
200507 0.549888 0.175986 0.494219
200508 -0.295384 -0.094535 0.693838
200509 -0.717466 -0.229618 -0.100587
200510 -0.111652 -0.035733 -0.750904
200511 0.654123 0.209346 -0.325419
200512 0.482752 0.154500 0.566286
200513 -0.380246 -0.121694 0.646687
200514 -0.698475 -0.223540 -0.199405
200515 -0.016016 -0.005126 -0.759814
200516 0.689389 0.220632 -0.231656
200517 0.407123 0.130296 0.628390
200518 -0.458418 -0.146712 0.588157
200519 -0.667195 -0.213529 -0.294714
200520 0.079902 0.025572 -0.755355
200521 0.712525 0.228037 -0.133817
200522 0.324331 0.103799 0.679437
200523 -0.528524 -0.169149 0.519279
200524 -0.624176 -0.199761 -0.384838
200525 0.174414 0.055820 -0.737607
200526 0.723125 0.231429 -0.033624
200527 0.235832 0.075476 0.718531
200528 -0.589332 -0.188610 0.441265
200529 -0.570174 -0.182479 -0.468191
200530 0.265858 0.085085 -0.706881
200531 0.721002 0.230750 0.067160
200532 0.143184 0.045825 0.744982
200533 -0.639770 -0.204752 0.355486
200534 -0.506141 -0.161986 -0.543306
200535 0.352624 0.112854 -0.663717
200536 0.706194 0.226010 0.166763
200537 0.048017 0.015367 0.758326
200538 -0.678952 -0.217292 0.263454
200539 -0.433203 -0.138643 -0.608862
200540 0.433186 0.138637 -0.608876
200541 0.678960 0.217295 0.263432
200542 -0.047995 -0.015360 0.758327
200543 -0.706189 -0.226009 0.166786
200544 -0.352643 -0.112860 -0.663706
200545 0.506126 0.161981 -0.543322
200546 0.639780 0.204756 0.355466
200547 -0.143163 -0.045818 0.744987
200548 -0.721000 -0.230749 0.067183
200549 -0.265878 -0.085092 -0.706872
200550 0.570161 0.182475 -0.468209
200551 0.589344 0.188614 0.441246
200552 -0.235812 -0.075469 0.718538
200553 -0.723126 -0.231430 -0.033602
200554 -0.174435 -0.055826 -0.737601
200555 0.624165 0.199758 -0.384858
200556 0.528539 0.169154 0.519262
200557 -0.324311 -0.103793 0.679448
200558 -0.712529 -0.228038 -0.133795
200559 -0.079924 -0.025579 -0.755353
200560 0.667186 0.213527 -0.294735
200561 0.458435 0.146718 0.588142
200562 -0.407105 -0.130290 0.628403
200563 -0.689395 -0.220634 -0.231634
200564 0.015994 0.005119 -0.759814
200565 0.698469 0.223538 -0.199427
200566 0.380264 0.121700 0.646675
200567 -0.482736 -0.154495 0.566301
200568 -0.654132 -0.209349 -0.325398
200569 0.111631 0.035726 -0.750908
200570 0.717463 0.229617 -0.100610
200571 0.295404 0.094541 0.693829
200572 -0.549874 -0.175982 0.494236
200573 -0.607360 -0.194380 -0.413437
200574 0.205303 0.065705 -0.728789
200575 0.723834 0.231656 -0.000023
200576 0.700531 -0.294714 0.000000
200577 0.198714 -0.083599 -0.728782
200578 -0.587796 0.247286 -0.413456
200579 -0.532185 0.223891 0.494219
200580 0.285874 -0.120268 0.693838
200581 0.694368 -0.292121 -0.100587
200582 0.108058 -0.045460 -0.750904
200583 -0.633064 0.266331 -0.325419
200584 -0.467211 0.196556 0.566286
200585 0.368004 -0.154820 0.646687
200586 0.675989 -0.284389 -0.199405
200587 0.015500 -0.006521 -0.759814
200588 -0.667195 0.280689 -0.231656
200589 -0.394016 0.165763 0.628390
200590 0.443660 -0.186648 0.588157
200591 0.645715 -0.271653 -0.294714
200592 -0.077330 0.032533 -0.755355
200593 -0.689586 0.290110 -0.133817
200594 -0.313889 0.132054 0.679437
200595 0.511509 -0.215192 0.519279
200596 0.604081 -0.254137 -0.384838
200597 -0.168799 0.071014 -0.737607
200598 -0.699845 0.294425 -0.033624
200599 -0.228240 0.096021 0.718531
200600 0.570359 -0.239951 0.441265
200601 0.551818 -0.232151 -0.468191
200602 -0.257299 0.108246 -0.706881
200603 -0.697790 0.293561 0.067160
200604 -0.138575 0.058298 0.744982
200605 0.619174 -0.260487 0.355486
200606 0.489847 -0.206079 -0.543306
200607 -0.341272 0.143573 -0.663717
200608 -0.683459 0.287532 0.166763
200609 -0.046471 0.019550 0.758326
200610 0.657094 -0.276440 0.263454
200611 0.419257 -0.176382 -0.608862
200612 -0.419240 0.176375 -0.608876
200613 -0.657102 0.276443 0.263432
200614 0.046450 -0.019542 0.758327
200615 0.683454 -0.287530 0.166786
200616 0.341290 -0.143581 -0.663706
200617 -0.489832 0.206073 -0.543322
200618 -0.619184 0.260491 0.355466
200619 0.138554 -0.058290 0.744987
200620 0.697789 -0.293560 0.067183
200621 0.257319 -0.108254 -0.706872
200622 -0.551805 0.232145 -0.468209
200623 -0.570371 0.239956 0.441246
200624 0.228220 -0.096012 0.718538
200625 0.699846 -0.294426 -0.033602
200626 0.168820 -0.071023 -0.737601
200627 -0.604070 0.254133 -0.384858
200628 -0.511524 0.215198 0.519262
200629 0.313871 -0.132046 0.679448
200630 0.689590 -0.290111 -0.133795
200631 0.077351 -0.032542 -0.755353
200632 -0.645707 0.271650 -0.294735
200633 -0.443676 0.186655 0.588142
200634 0.393999 -0.165756 0.628403
200635 0.667201 -0.280692 -0.231634
200636 -0.015479 0.006512 -0.759814
200637 -0.675983 0.284387 -0.199427
200638 -0.368022 0.154827 0.646675
200639 0.467195 -0.196549 0.566301
200640 0.633073 -0.266335 -0.325398
200641 -0.108037 0.045451 -0.750908
200642 -0.694365 0.292120 -0.100610
200643 -0.285893 0.120276 0.693829
200644 0.532171 -0.223885 0.494236
200645 0.587807 -0.247291 -0.413437
200646 -0.198694 0.083591 -0.728789
200647 -0.700531 0.294714 -0.000023
